# p1_filt_x, p1_filt_y, p1_smoothed_x, p1_smoothed_y
1.000000000000000000e+02, 1.000000000000000000e+02, nan, nan
8.263760445713798219e+01, 8.212025875049100421e+01, nan, nan
9.657599473924565814e+01, 9.750131518009784770e+01, nan, nan
1.005928808196022999e+02, 9.977003782450744040e+01, nan, nan
9.908473840983307923e+01, 9.586962380769726622e+01, nan, nan
9.528390222849459690e+01, 9.199362088714657659e+01, 1.975616772329707160e+01, 1.628148664985888061e+01
8.799624357891616455e+01, 8.761894883338557349e+01, 2.750401303745912429e+01, 2.042793095936653458e+01
8.487242562096737686e+01, 8.320702129742760178e+01, 2.273496284928318190e+01, 2.378765676296200837e+01
8.165467260630963153e+01, 8.022379095006758121e+01, 2.484994820315199959e+01, 2.192463982438876613e+01
7.854946345184353618e+01, 7.737176491068457551e+01, 2.545271396819421383e+01, 2.285080778360053699e+01
7.564156486289950010e+01, 7.476119762654276713e+01, 2.564148558690042634e+01, 2.284858384131925035e+01
7.294843721691282212e+01, 7.239016647137168547e+01, 2.528783936426506429e+01, 2.332854106703896946e+01
7.003705918365555760e+01, 7.020107254536293340e+01, 2.480019614981524967e+01, 2.362926834876436644e+01
6.804238252296403289e+01, 6.813839282193286806e+01, 2.300531521823776160e+01, 2.379087239629789252e+01
6.598282464328030983e+01, 6.527973098464138957e+01, 2.276667004141949135e+01, 2.373151002476384974e+01
6.416954052909605366e+01, 6.372572613490918059e+01, 2.209591995454759683e+01, 2.123549761604580155e+01
6.261342888553851083e+01, 6.178926351356696500e+01, 2.155967065740471256e+01, 2.128665537891355442e+01
6.050806901733337639e+01, 6.031299750347809407e+01, 2.114325991874282096e+01, 1.971044035548422002e+01
5.929345890571747901e+01, 5.907368181970799981e+01, 1.933527345800403907e+01, 1.947555613560250265e+01
5.812129157897847165e+01, 5.788620418099715437e+01, 1.920778498537683632e+01, 1.935238021500195771e+01
5.701912713459863369e+01, 5.667550292145255497e+01, 1.902468595006916274e+01, 1.920371355265484681e+01
5.598017155772553366e+01, 5.542703086936367640e+01, 1.890384485824412408e+01, 1.883632725736597280e+01
5.489738333155786165e+01, 5.444729681711679348e+01, 1.878367347897513895e+01, 1.812097770164100297e+01
5.385141033701716395e+01, 5.351009229304204950e+01, 1.846827438483876094e+01, 1.801078021403105822e+01
5.290455620525991520e+01, 5.262413079910336933e+01, 1.809687506579845362e+01, 1.789276545957697095e+01
5.196731432945014006e+01, 5.177453139669859183e+01, 1.784228701449244525e+01, 1.778099909190433081e+01
5.115560005549134814e+01, 5.088922970722962447e+01, 1.749709327442167961e+01, 1.766679506388119236e+01
5.013124115356077226e+01, 5.009529635994534402e+01, 1.737809713623483177e+01, 1.740696694514070586e+01
4.939197473395214644e+01, 4.932815618055597895e+01, 1.653359310185629028e+01, 1.718977696170761504e+01
4.864215501322446045e+01, 4.838703698774131112e+01, 1.635067657388574958e+01, 1.705699984829371374e+01
4.796719992436055691e+01, 4.751819190617302269e+01, 1.618447760355988763e+01, 1.651041970735555253e+01
4.724557854918099054e+01, 4.689107743674186679e+01, 1.608302637958372827e+01, 1.596163087725659224e+01
4.658391559133461612e+01, 4.628951723421085518e+01, 1.573610071226248586e+01, 1.585504388299542811e+01
4.599466709290175004e+01, 4.557520535291462949e+01, 1.546922410521928093e+01, 1.574834810393281614e+01
4.541320082551664683e+01, 4.502410989543878372e+01, 1.538631265748126076e+01, 1.536465666820856590e+01
4.485380775763395178e+01, 4.448152594536702509e+01, 1.523714710960430629e+01, 1.527949674602890440e+01
4.418681616919134569e+01, 4.393629028568442152e+01, 1.509360855846320959e+01, 1.518249403616171200e+01
4.360705937243199770e+01, 4.320453246392064273e+01, 1.457563757773004021e+01, 1.500147725211465399e+01
4.307207972673078444e+01, 4.274124642728070711e+01, 1.434365624558809671e+01, 1.439371894043230427e+01
4.261777972669029424e+01, 4.227832491790310598e+01, 1.406469415960567204e+01, 1.430765049586717730e+01
4.211014250743703258e+01, 4.183956493672467758e+01, 1.398332175952704226e+01, 1.421010133150881849e+01
4.163205072100451787e+01, 4.141722921102817168e+01, 1.368421795510463213e+01, 1.411229681667312974e+01
4.122116663599593522e+01, 4.097354314765162542e+01, 1.339743551254077047e+01, 1.402522396812081418e+01
4.081750431480558206e+01, 4.049963740933409895e+01, 1.333342993804753895e+01, 1.391152821910841197e+01
4.041115847586963383e+01, 4.011275513281941585e+01, 1.328906261623938079e+01, 1.372500920241687972e+01
4.001403541325579738e+01, 3.973656465168173924e+01, 1.315166618063950388e+01, 1.365294266938079204e+01
3.957627487212034367e+01, 3.935896895821320385e+01, 1.301409023986837354e+01, 1.357738901096692175e+01
3.919844619618053372e+01, 3.900030023306425164e+01, 1.269914710855594464e+01, 1.344147596268655853e+01
3.885146867647862479e+01, 3.860202940630569657e+01, 1.251073341847665255e+01, 1.337682993123348041e+01
3.851089935777820017e+01, 3.821210124561498134e+01, 1.246306545816456968e+01, 1.327268975865988132e+01
3.818136881249711223e+01, 3.786980093893061650e+01, 1.242706913828634718e+01, 1.315312254933134994e+01
3.784181240710221061e+01, 3.745501724124548559e+01, 1.236417913481367847e+01, 1.308689117232663968e+01
3.753177328616104091e+01, 3.710774698497485247e+01, 1.232219788526890980e+01, 1.289266965885236260e+01
3.722472249776438247e+01, 3.679601267220180461e+01, 1.229634995866810776e+01, 1.279714064365190396e+01
3.692844631418117274e+01, 3.648474710840159929e+01, 1.223264019455628038e+01, 1.274562969771132082e+01
3.662201152559441653e+01, 3.619687903458740408e+01, 1.219632459243940659e+01, 1.268630668571800157e+01
3.627484929526592339e+01, 3.590185224102155814e+01, 1.208902570263684417e+01, 1.264278843371844019e+01
3.597531039514384332e+01, 3.553720863157152365e+01, 1.183404583870334825e+01, 1.252639694547065830e+01
3.566063852156127467e+01, 3.527379386287447005e+01, 1.178795981075304233e+01, 1.234849706428204641e+01
3.531440187622856541e+01, 3.469330651587633696e+01, 1.155707612238699156e+01, 1.228548267637288482e+01
3.504706928849842029e+01, 3.437301436394303522e+01, 1.148770491043262609e+01, 1.177693759690469655e+01
3.473606558911219366e+01, 3.412671269240137661e+01, 1.145255973391466142e+01, 1.159171139679356521e+01
3.450503611634192680e+01, 3.387817550385999255e+01, 1.119586940786045304e+01, 1.150725877631167648e+01
3.426869254393032094e+01, 3.359041797615446256e+01, 1.119496400946315262e+01, 1.144444741770159624e+01
3.403948009917978368e+01, 3.337428359364717068e+01, 1.118516695484875889e+01, 1.129774175463206021e+01
3.381991131142692097e+01, 3.315696166413569301e+01, 1.114566034172717934e+01, 1.127497546082069668e+01
3.360605231999647913e+01, 3.293690693230054478e+01, 1.112709854021581535e+01, 1.124725486227737647e+01
3.337358560584804934e+01, 3.264272187140116444e+01, 1.111911785477090575e+01, 1.120991097972966166e+01
3.316503382095297070e+01, 3.240797481159373206e+01, 1.107946564152589630e+01, 1.100394592409884531e+01
3.285522803036062101e+01, 3.217569671743868298e+01, 1.107151176153116978e+01, 1.090523851665079924e+01
3.262171480409623570e+01, 3.198655411786059588e+01, 1.077672189107145861e+01, 1.078359340090626795e+01
3.240101009144483868e+01, 3.179977305782150410e+01, 1.064126561291669937e+01, 1.075856899247100706e+01
3.221311499628806274e+01, 3.160830801256039990e+01, 1.052884946102215835e+01, 1.072974088557788974e+01
3.201602065061364044e+01, 3.142834292430742948e+01, 1.051406963993704657e+01, 1.070084447368547664e+01
3.179098417051119085e+01, 3.124747886269085129e+01, 1.045597286172595197e+01, 1.068183872763661846e+01
3.159227329181432253e+01, 3.107260904983210636e+01, 1.028756869009948183e+01, 1.064038097548976758e+01
3.141709470642740243e+01, 3.088665902364509819e+01, 1.019334365334685799e+01, 1.061104728305105027e+01
3.123829069681608672e+01, 3.068195212557258600e+01, 1.018176146755878264e+01, 1.058028414131176298e+01
3.106025052219986193e+01, 3.051636406641330268e+01, 1.017534228098634230e+01, 1.050776920300347861e+01
3.089309623232344393e+01, 3.033481146063395784e+01, 1.013005607507937178e+01, 1.048896868249960335e+01
3.071398802416655727e+01, 3.017371229175380165e+01, 1.012275402692653081e+01, 1.045506691910561159e+01
3.055067544093741105e+01, 3.000508968037248891e+01, 1.005795538957377389e+01, 1.043294852581349019e+01
3.034729800386416088e+01, 2.973865143493614838e+01, 1.004114604382053777e+01, 1.041229275044408453e+01
3.017513109922820291e+01, 2.958757036482716885e+01, 9.974729783421057761e+00, 1.019971514056005901e+01
3.002080755873423001e+01, 2.941131469992117076e+01, 9.906512241856280099e+00, 1.018014542634657182e+01
2.986560649381338806e+01, 2.926397792156155830e+01, 9.907602071206849104e+00, 1.012808348312708695e+01
2.971724937221542717e+01, 2.909028265372434063e+01, 9.881975612813146626e+00, 1.011620472344099575e+01
2.956825285841737383e+01, 2.894609140519466095e+01, 9.881019741259489564e+00, 1.007102609984159969e+01
2.942352709246280540e+01, 2.879122012922103480e+01, 9.866387953379618381e+00, 1.005934648658689134e+01
2.924818985821891459e+01, 2.864648123667963731e+01, 9.867147402793253974e+00, 1.003021215982781911e+01
2.910665581675286973e+01, 2.850332503579019416e+01, 9.760586149375692244e+00, 9.995659509593364689e+00
2.887057861256575464e+01, 2.833233715687858023e+01, 9.749261266220683453e+00, 9.982107514574177998e+00
2.873640567466080853e+01, 2.818728285219524921e+01, 9.437775315480287475e+00, 9.852983799889425853e+00
2.860278079288541875e+01, 2.805256004065491382e+01, 9.439077076195417249e+00, 9.829315173858944377e+00
2.840696298476631654e+01, 2.790204947325704055e+01, 9.423404609668819987e+00, 9.820563882259961019e+00
2.821353398251275735e+01, 2.763460327772314074e+01, 9.197351833855496039e+00, 9.725888362358469763e+00
2.809178960661513003e+01, 2.750535754751163964e+01, 9.106849316472027667e+00, 9.473972082190606159e+00
2.790207172140606673e+01, 2.725323986721875613e+01, 9.108199593499307412e+00, 9.458763790523725845e+00
2.778088210737129771e+01, 2.711528882514718930e+01, 8.990872971314809448e+00, 9.190192534047945117e+00
2.763257980235512079e+01, 2.699495468252140284e+01, 8.991528603136861975e+00, 9.138271747321526917e+00
2.752054797201957470e+01, 2.687725344054731025e+01, 8.886346856581377907e+00, 9.098226271421882672e+00
2.739869928860405324e+01, 2.676988713258088026e+01, 8.890165141994533116e+00, 9.081980013683793374e+00
2.727234973320003064e+01, 2.666338518541200386e+01, 8.846836945755761406e+00, 9.077997091705542587e+00
2.715660945649549163e+01, 2.655798564105923631e+01, 8.783481867044633518e+00, 9.068223062777759580e+00
2.704441555168474309e+01, 2.645255523654534002e+01, 8.752095763677619544e+00, 9.063245892862596520e+00
2.693439641561232989e+01, 2.631833240862957624e+01, 8.729249143680640088e+00, 9.058838314563226746e+00
2.682669475053976882e+01, 2.619682336991780147e+01, 8.735826605540063738e+00, 9.013388945004379593e+00
2.671881278332088883e+01, 2.609443393697366176e+01, 8.740330940484593469e+00, 8.980939815884131150e+00
2.661513992859782007e+01, 2.598333444917248869e+01, 8.723248142802979999e+00, 8.976702698317744478e+00
2.651204234417755856e+01, 2.587817176053803081e+01, 8.725596455965487053e+00, 8.959885727894056018e+00
2.640995775563008507e+01, 2.577604351808365379e+01, 8.722446466587994607e+00, 8.950599007008262831e+00
2.630084132532496710e+01, 2.567896191806655182e+01, 8.720695967950915062e+00, 8.942748976371333924e+00
2.620075111429528647e+01, 2.557394073944466939e+01, 8.687292345090273926e+00, 8.937308378928747743e+00
2.609066355475818000e+01, 2.547860948721602981e+01, 8.689777291282302585e+00, 8.922647712632242545e+00
2.597461576797908833e+01, 2.533265616527932096e+01, 8.641217398901254398e+00, 8.918956101367667699e+00
2.586152497876600975e+01, 2.518569073142069215e+01, 8.621871148683700525e+00, 8.828572885776907242e+00
2.576736049238452964e+01, 2.508466688678396750e+01, 8.604946544572506184e+00, 8.730742523548194356e+00
2.562850301688748544e+01, 2.498283372689665072e+01, 8.608529304004420624e+00, 8.714241238746538443e+00
2.553464750738410771e+01, 2.489395274128884594e+01, 8.468284200859297783e+00, 8.669418925959350375e+00
2.542805717198364590e+01, 2.480640494274470953e+01, 8.457858408913926596e+00, 8.666722221599410858e+00
2.533563615741176989e+01, 2.470149018641772543e+01, 8.397223206030261622e+00, 8.658476588062791635e+00
2.524538375652335276e+01, 2.460275564059837805e+01, 8.400646336518930113e+00, 8.629815485879253956e+00
2.515562210055503556e+01, 2.449834693536450558e+01, 8.404246799058791240e+00, 8.608779101665401612e+00
2.506850476446508935e+01, 2.440931869238548657e+01, 8.409187711943332033e+00, 8.579256705981945785e+00
2.498180650691148941e+01, 2.432232799151214664e+01, 8.410432987733344135e+00, 8.571466209771568145e+00
2.489354008274348828e+01, 2.422565107339269375e+01, 8.409431424566708557e+00, 8.565968348375893271e+00
2.479951818490954096e+01, 2.414398789047288219e+01, 8.411128291261819712e+00, 8.541328775274356744e+00
2.470582978756895542e+01, 2.406350711558571831e+01, 8.381962507933726769e+00, 8.535462299905367090e+00
2.460353394843097519e+01, 2.393356708060886007e+01, 8.348813259425501343e+00, 8.530865248302355042e+00
2.451920667301574497e+01, 2.383622726313176798e+01, 8.323969131620634343e+00, 8.442702985258250692e+00
2.441349081441964231e+01, 2.375400958267126583e+01, 8.326271078727568664e+00, 8.411823082518958827e+00
2.433351448690781638e+01, 2.367228569570480090e+01, 8.253559941295447899e+00, 8.391479348476742928e+00
2.425217038433411432e+01, 2.359130280547303471e+01, 8.252123408582994202e+00, 8.386355405915008276e+00
2.417334056023608824e+01, 2.351152648203349926e+01, 8.240212831761361656e+00, 8.384064790485981078e+00
2.409465312060161324e+01, 2.343049097108277934e+01, 8.238615149548705219e+00, 8.379981083482372028e+00
2.401356272084787236e+01, 2.333785409646193187e+01, 8.233743915991697193e+00, 8.375558857399571622e+00
2.393349616005819769e+01, 2.326480011662566483e+01, 8.235029778913327547e+00, 8.346398360186643828e+00
2.384740438032003595e+01, 2.316007234572512274e+01, 8.222435972526962900e+00, 8.346538942168892916e+00
2.376960238885261489e+01, 2.306737029120576921e+01, 8.213867405534012178e+00, 8.292821014231604337e+00
2.368902399602939113e+01, 2.296845167646781150e+01, 8.217082674039735579e+00, 8.260147598396276436e+00
2.358736417094758053e+01, 2.283908247244136192e+01, 8.214596063064583120e+00, 8.212365847946180963e+00
2.351532404356223438e+01, 2.276887610606774004e+01, 8.167769184827939455e+00, 8.096944569576525197e+00
2.344450382339829630e+01, 2.269679453518697798e+01, 8.168533631364566006e+00, 8.094862318571165005e+00
2.336298107315080230e+01, 2.262954002249481178e+01, 8.172202062364348762e+00, 8.088664209033403552e+00
2.329154130542918111e+01, 2.256258400071260439e+01, 8.144424767455985759e+00, 8.087254673370628311e+00
2.321821779875868685e+01, 2.249645298247141412e+01, 8.141759396803012194e+00, 8.088076759169895880e+00
2.314939623159630600e+01, 2.242554327110597256e+01, 8.131276115612863009e+00, 8.089707626918601235e+00
2.305173414314883829e+01, 2.235283167516694647e+01, 8.133727333116274494e+00, 8.083564768730534311e+00
2.297275698438807723e+01, 2.228720579565059268e+01, 8.058637057044220953e+00, 8.062517433302502923e+00
2.290477133325660475e+01, 2.222332559970550747e+01, 8.028235502573073390e+00, 8.057365911387158519e+00
2.283140429327421117e+01, 2.213947734584848703e+01, 8.025347726069250953e+00, 8.058935801132552257e+00
2.276194908181419052e+01, 2.207742095213054512e+01, 8.018799738018012491e+00, 8.024178403729091968e+00
2.269227029319977618e+01, 2.199393428202115430e+01, 8.007687302911454807e+00, 8.026568916472042403e+00
2.261090698220672479e+01, 2.193071811918337133e+01, 8.006697928293652566e+00, 7.992667962746685895e+00
2.254272697370991096e+01, 2.184894205025387848e+01, 7.961977874689995183e+00, 7.985751905738540657e+00
2.246229193966037840e+01, 2.178655426019412644e+01, 7.961217807675391001e+00, 7.953029103510327324e+00
2.240022267272209433e+01, 2.172075712991620478e+01, 7.915744874082301763e+00, 7.944986616286466408e+00
2.233525304741324646e+01, 2.164063918429701516e+01, 7.920162526646960188e+00, 7.938464313664462146e+00
2.227432818798903114e+01, 2.157636303505622166e+01, 7.922249205169171304e+00, 7.907532976124366897e+00
2.221364092536049029e+01, 2.151252383758185616e+01, 7.926453736737857803e+00, 7.901779359139297298e+00
2.215217996880339157e+01, 2.144187984842136885e+01, 7.931081779982586788e+00, 7.895291995064869894e+00
2.209222282323111131e+01, 2.137719397083738926e+01, 7.935092186803854197e+00, 7.876884310103890563e+00
2.202354072152962416e+01, 2.132109839387663897e+01, 7.939812018277076611e+00, 7.867318259976853412e+00
2.196421163351208605e+01, 2.126350020869067237e+01, 7.917474526856882022e+00, 7.868934369106602489e+00
2.190218036216137065e+01, 2.120746843496991474e+01, 7.918736947533652426e+00, 7.870060195409004145e+00
2.184409679673855109e+01, 2.114457745543003142e+01, 7.910079737370108610e+00, 7.873338948215073074e+00
2.178302941700409079e+01, 2.109018975284855557e+01, 7.914820670367859634e+00, 7.865572602156416515e+00
2.171325236247025714e+01, 2.103425633531891492e+01, 7.908055775286303657e+00, 7.869061020794930528e+00
2.165661646508898031e+01, 2.097245192178938566e+01, 7.878737748946332609e+00, 7.865949334861578990e+00
2.159854932923068915e+01, 2.089981065680048644e+01, 7.883261984945544754e+00, 7.859389070699024593e+00
2.154225495538728197e+01, 2.084557162155143573e+01, 7.887847146050409819e+00, 7.834956900392881174e+00
2.148658879154101697e+01, 2.078812256940831560e+01, 7.889564975935495994e+00, 7.837255114339149564e+00
2.142993524050011445e+01, 2.073592090223468887e+01, 7.894228152639088947e+00, 7.833719005006458680e+00
2.137432533890928354e+01, 2.067634162570275436e+01, 7.893139897936117144e+00, 7.837679458163278490e+00
2.131647140822621367e+01, 2.060924289030580070e+01, 7.897238487812458629e+00, 7.829866863194315130e+00
2.125868515644402734e+01, 2.054097665599942246e+01, 7.897796236607975473e+00, 7.808867817204347084e+00
2.120551070758465073e+01, 2.048562332623414406e+01, 7.897645249302353676e+00, 7.784782768216652826e+00
2.113936666027321820e+01, 2.039934582404812957e+01, 7.902481686560475005e+00, 7.782110544016874520e+00
2.108379541946781899e+01, 2.035013010488546215e+01, 7.886466023865629893e+00, 7.723639712886670061e+00
2.102877892876815125e+01, 2.030153048385332326e+01, 7.882290491647752084e+00, 7.728387271967320338e+00
2.097534625716441070e+01, 2.025306983743480416e+01, 7.879423908235622775e+00, 7.733006911700000430e+00
2.092417926990005483e+01, 2.019626080339742202e+01, 7.879062713722104760e+00, 7.737947008842952279e+00
2.086806678584366281e+01, 2.012375733691724378e+01, 7.884549636850153753e+00, 7.729929978245777988e+00
2.081200320169328677e+01, 2.007661203418472340e+01, 7.882380811030485823e+00, 7.693385708469521411e+00
2.075327206392849178e+01, 2.000659652184817006e+01, 7.874257272328296864e+00, 7.698159535609623738e+00
2.070390224485084829e+01, 1.995748223843570912e+01, 7.864851035813409830e+00, 7.662778874253874051e+00
2.064360859921267988e+01, 1.991041189082807605e+01, 7.869767356062207675e+00, 7.663751489635562741e+00
2.059110270057740877e+01, 1.986497824369609688e+01, 7.850925476294082550e+00, 7.666100819537180477e+00
2.053052376754940056e+01, 1.978847599979343386e+01, 7.847229483303815201e+00, 7.671709983478470996e+00
2.047553462291758919e+01, 1.974389876344524453e+01, 7.832084240684870302e+00, 7.623307448229187600e+00
2.042828995139351633e+01, 1.969218339327870737e+01, 7.821520577384051265e+00, 7.628612191466294767e+00
2.038132297786379254e+01, 1.964641628872760037e+01, 7.827346149311340540e+00, 7.622752912156363969e+00
2.030383177296187469e+01, 1.959575301159938476e+01, 7.832725495539580862e+00, 7.625964617300473591e+00
2.025428090704750161e+01, 1.955269453610457475e+01, 7.774449761375531232e+00, 7.616074913076846364e+00
2.020294181482575269e+01, 1.948780458495177115e+01, 7.771333459302712576e+00, 7.622279549096153239e+00
2.015654260662913444e+01, 1.944451905834546324e+01, 7.769114776369416830e+00, 7.592968586892393290e+00
2.011160499096394005e+01, 1.939794437535512373e+01, 7.771644176310390506e+00, 7.598247749887135249e+00
2.006549663339550804e+01, 1.934053840448533990e+01, 7.777553353491443389e+00, 7.598103824547870921e+00
2.002114954948023495e+01, 1.929322841653640808e+01, 7.782109279782347677e+00, 7.580193937253134173e+00
1.997191866332895316e+01, 1.925193957156494662e+01, 7.788089622280566005e+00, 7.577816214263185302e+00
1.992801026305120260e+01, 1.920795471613622141e+01, 7.783028254107296817e+00, 7.584050684338799364e+00
1.988397065225572291e+01, 1.915777843741616948e+01, 7.788592255397196240e+00, 7.586326508181779893e+00
1.984057213470003589e+01, 1.911139870854498213e+01, 7.794328624739316425e+00, 7.578300447483026225e+00
1.979678550550738336e+01, 1.906963835071318059e+01, 7.800394590361783287e+00, 7.575790897619192776e+00
1.975154353196156265e+01, 1.901625420302222480e+01, 7.804603283340778574e+00, 7.580391094207063141e+00
1.970803562315440516e+01, 1.897608256845485641e+01, 7.807353774402115754e+00, 7.565289932059021005e+00
1.966240455860151570e+01, 1.893650961066375515e+01, 7.811283208549713919e+00, 7.571466288729387095e+00
1.962002591483078362e+01, 1.889166748376450755e+01, 7.810503037588844677e+00, 7.578281614012587042e+00
1.957714513302868298e+01, 1.885199788757860873e+01, 7.816331374808669352e+00, 7.576399433135029504e+00
1.953107923567296922e+01, 1.881311729458633764e+01, 7.820134076470996121e+00, 7.582528852704940370e+00
1.948119382889737139e+01, 1.874921682412823287e+01, 7.817526500633879216e+00, 7.589304940676281142e+00
1.944001455410623791e+01, 1.870385389952438615e+01, 7.810434378414636392e+00, 7.555258970197377799e+00
1.939395891209355582e+01, 1.866577272886843986e+01, 7.816370411523474004e+00, 7.550759098139140590e+00
1.935032248374147201e+01, 1.861418154793648938e+01, 7.812667692876067882e+00, 7.557440332907521707e+00
1.931032720921150414e+01, 1.857381161712082829e+01, 7.813947207268197914e+00, 7.541979537520050236e+00
1.927016170134889350e+01, 1.853537433057687878e+01, 7.820351666203491980e+00, 7.544404126090770824e+00
1.922747418784049600e+01, 1.849822245895621364e+01, 7.826050436791758713e+00, 7.549683397342731084e+00
1.918310217186187216e+01, 1.844522292374195516e+01, 7.826867270946907595e+00, 7.556776346585292181e+00
1.913819042178346663e+01, 1.840877340560737707e+01, 7.825420877841177791e+00, 7.537756046050730241e+00
1.909630428996373297e+01, 1.835821365851162668e+01, 7.821775851840052418e+00, 7.545039707586707500e+00
1.905607185861118680e+01, 1.832218244205812141e+01, 7.823455789432871121e+00, 7.529264283740369379e+00
1.901310627005154075e+01, 1.827071956119978680e+01, 7.827043789178040889e+00, 7.536560359168577250e+00
1.897516867365375859e+01, 1.823304205605567674e+01, 7.826061058671450965e+00, 7.518431603769598404e+00
1.893623551563779017e+01, 1.819746601092824889e+01, 7.832736245749641668e+00, 7.522216780511141287e+00
1.889732597122176472e+01, 1.816204060953853627e+01, 7.837549103892341051e+00, 7.529201067604748054e+00
1.885885285157744562e+01, 1.812567630119976059e+01, 7.842121142394074873e+00, 7.536210913708942805e+00
1.882068995279902879e+01, 1.809063193174040052e+01, 7.847111190358752708e+00, 7.541490615629247607e+00
1.878370628885598137e+01, 1.805244858019353416e+01, 7.852326634024248797e+00, 7.548675211251469008e+00
1.874365501283754298e+01, 1.801818506324139335e+01, 7.859146953323159934e+00, 7.550656962510843506e+00
1.870612488020958253e+01, 1.797500480288709568e+01, 7.860886446036205122e+00, 7.558607412057479991e+00
1.866758007193359958e+01, 1.793121175395022959e+01, 7.866273263849703490e+00, 7.552276315548107632e+00
1.862737455063826886e+01, 1.789749239530232927e+01, 7.869659540795216124e+00, 7.544524963256963979e+00
1.859022790195384189e+01, 1.785778213947686055e+01, 7.870466500663715337e+00, 7.552464476130555937e+00
1.855216422018659372e+01, 1.782462867754998825e+01, 7.875417349205894979e+00, 7.550707896382517603e+00
1.851235722806508122e+01, 1.777762772503031385e+01, 7.878994908686951071e+00, 7.558941934912010829e+00
1.847694805008513441e+01, 1.774068208342945852e+01, 7.879098732896652635e+00, 7.545427534372719514e+00
1.843928475989982729e+01, 1.770823180748141823e+01, 7.885772962530362307e+00, 7.547012668561977833e+00
1.840282982614776586e+01, 1.767576052589015845e+01, 7.889267141875790479e+00, 7.555464174772984265e+00
1.836786914809725957e+01, 1.764256902612905975e+01, 7.894261522280003440e+00, 7.563651700617675999e+00
1.833201537142910809e+01, 1.760977394226408776e+01, 7.901110825218466971e+00, 7.570539365415788424e+00
1.829736931410090151e+01, 1.757182566927970768e+01, 7.906610841448189042e+00, 7.577837889352546874e+00
1.825955101878390963e+01, 1.754018099494928506e+01, 7.913237257466931851e+00, 7.577168699559854836e+00
1.822517423194756958e+01, 1.750778521180228253e+01, 7.915585559636808988e+00, 7.585840743244093964e+00
1.818409330567715898e+01, 1.747569843643921317e+01, 7.922426203975427406e+00, 7.593162014340189891e+00
1.815053726057183070e+01, 1.744205735214426767e+01, 7.919743749790189469e+00, 7.600835419511879465e+00
1.811610425856454754e+01, 1.741046452086863994e+01, 7.927178396439929386e+00, 7.606028174769679850e+00
1.807877623581425652e+01, 1.736320721076243245e+01, 7.933332762221655621e+00, 7.614009162907837691e+00
1.804247915282264358e+01, 1.733268566340521488e+01, 7.934418531731812330e+00, 7.599229888730441473e+00
1.800809989109740172e+01, 1.730205689698913929e+01, 7.937674417947956584e+00, 7.608211367744157627e+00
1.797473930349827853e+01, 1.727064430526214167e+01, 7.943290922439746105e+00, 7.616855594612570002e+00
1.794006893085603593e+01, 1.723102088432452561e+01, 7.950083786592943014e+00, 7.624236843824113485e+00
1.790720132991213376e+01, 1.719963791231691985e+01, 7.954316523274780337e+00, 7.619887298135878950e+00
1.787463039945959054e+01, 1.716782992848362355e+01, 7.961406900376696960e+00, 7.626852258531796380e+00
1.784202305213985440e+01, 1.713206794898629681e+01, 7.968724180369429533e+00, 7.633063412565450179e+00
1.781009264439384765e+01, 1.709835092034919413e+01, 7.975377955118962525e+00, 7.633610640573553319e+00
1.777810436945440031e+01, 1.706233919138257704e+01, 7.982857604237289628e+00, 7.636791150438167364e+00
1.774664471567458435e+01, 1.703023431234132090e+01, 7.989955156314665352e+00, 7.636516004537268643e+00
1.771530083299114722e+01, 1.699878965939148756e+01, 7.997899989886326999e+00, 7.641470381545491186e+00
1.768245688651844816e+01, 1.696157293267452104e+01, 8.005867956913705896e+00, 7.647205638427592156e+00
1.764885986178779476e+01, 1.693294834314905373e+01, 8.011085334701336436e+00, 7.644842384328287999e+00
1.761447732877065064e+01, 1.690447211589381382e+01, 8.016281526790290712e+00, 7.654264137129779932e+00
1.758335149362292071e+01, 1.687549565949575126e+01, 8.020446982622463139e+00, 7.663771754000911152e+00
1.755279317863307753e+01, 1.684453111377625234e+01, 8.028154435093012964e+00, 7.672388212263239637e+00
1.752070010209136441e+01, 1.680478152504203138e+01, 8.036343910565268089e+00, 7.678117509286940034e+00
1.748637568475641046e+01, 1.677676913200117426e+01, 8.041611162986393779e+00, 7.671811947450124514e+00
1.745432740952484707e+01, 1.674902727591835827e+01, 8.045352949514661844e+00, 7.681374386928322195e+00
1.742412315505066189e+01, 1.671903314623665082e+01, 8.051560325627892922e+00, 7.691062748656415593e+00
1.739267696787877426e+01, 1.669075269430549824e+01, 8.059751282074859802e+00, 7.697457920877141646e+00
1.736301093534310169e+01, 1.665934949801698295e+01, 8.066630254779125764e+00, 7.706051890620673639e+00
1.733306527150795517e+01, 1.662709413527526792e+01, 8.074819423554256304e+00, 7.710452891539596898e+00
1.729635000689235724e+01, 1.659910686199627605e+01, 8.082379182873708601e+00, 7.713648912095942833e+00
1.726409690105387895e+01, 1.657213977881962208e+01, 8.082878511363299268e+00, 7.722627665365986438e+00
1.723427656709463207e+01, 1.653882558069179964e+01, 8.088175891647695792e+00, 7.732589540141055373e+00
1.720433822382290501e+01, 1.650465095707539120e+01, 8.095374007700248953e+00, 7.734269989911699561e+00
1.717573439216370801e+01, 1.647644499633269533e+01, 8.102191478678511416e+00, 7.734683601922368368e+00
1.714375719992765923e+01, 1.645003996598768481e+01, 8.110968203675980703e+00, 7.742467764374783457e+00
1.711427681924771704e+01, 1.642363504674665009e+01, 8.116283770806601794e+00, 7.752589786623289569e+00
1.708591628693040221e+01, 1.639486255802616199e+01, 8.124146165932994990e+00, 7.762499567424535840e+00
1.705556442059162947e+01, 1.636888933925656886e+01, 8.133035176191388160e+00, 7.769289852741286140e+00
1.702478751446135874e+01, 1.634306356500253088e+01, 8.139777612392707695e+00, 7.779609710005587431e+00
1.699689681945880437e+01, 1.631348901258118644e+01, 8.146125328342691319e+00, 7.789986930563390644e+00
1.696915743593431714e+01, 1.628517606915908189e+01, 8.154925361365071623e+00, 7.795727448582453256e+00
1.694159283839478647e+01, 1.625802434973203248e+01, 8.163825878353337728e+00, 7.802901832850937858e+00
1.691410407713041764e+01, 1.623103916349639775e+01, 8.172987867938457995e+00, 7.811350123042072546e+00
1.688441560699841304e+01, 1.619293137648538661e+01, 8.182185697528131740e+00, 7.819915294606829548e+00
1.685693299735405759e+01, 1.616730585640924289e+01, 8.187933772268468857e+00, 7.815432180289364261e+00
1.682583136570290705e+01, 1.612856537831008907e+01, 8.197023082500797031e+00, 7.825315316235631258e+00
1.679704148879745418e+01, 1.610386547057639106e+01, 8.200871505104650794e+00, 7.820024817340748058e+00
1.677038371364003311e+01, 1.607525053333550602e+01, 8.208621393149412526e+00, 7.830767326310722254e+00
1.673717893337570217e+01, 1.603378498054804169e+01, 8.217986261271057913e+00, 7.836770751521327405e+00
1.671082654241564924e+01, 1.600821202927082609e+01, 8.219071846310743723e+00, 7.828336928272974227e+00
1.668461617316877721e+01, 1.598153304577364331e+01, 8.228695431253974846e+00, 7.837538234953685290e+00
1.665835634470315441e+01, 1.595639172239728332e+01, 8.238163966004318439e+00, 7.845436606041080729e+00
1.663144436390626879e+01, 1.593214839125737470e+01, 8.247832142277173872e+00, 7.854989363820588544e+00
1.659603435413829686e+01, 1.590583743960106489e+01, 8.257009896864827780e+00, 7.865531580516166521e+00
1.656918332607023459e+01, 1.588200996997123582e+01, 8.258187499162055190e+00, 7.874206237008438691e+00
1.654242344970940337e+01, 1.585096750533048571e+01, 8.267275167748199038e+00, 7.885084052506228680e+00
1.651667083162582372e+01, 1.582633783238309988e+01, 8.275374687008085317e+00, 7.888109840741979184e+00
1.649096012099812114e+01, 1.579800508486955835e+01, 8.285268431895332242e+00, 7.897887802486884823e+00
1.646561342311391485e+01, 1.576885922836527776e+01, 8.294520348269811549e+00, 7.903693328667218410e+00
1.642325220469149727e+01, 1.570955002645553300e+01, 8.304107568893838831e+00, 7.908464948087029711e+00
1.639022828517036245e+01, 1.568646857624407254e+01, 8.294336828225544522e+00, 7.881909692574439852e+00
1.636247582658887012e+01, 1.566397023120761212e+01, 8.298442757961334237e+00, 7.893092847886961749e+00
1.633523438155584273e+01, 1.562754481066199119e+01, 8.306666395891083354e+00, 7.904568886996218957e+00
1.631084774522820879e+01, 1.560375617940782789e+01, 8.312981006094195990e+00, 7.901225716485076767e+00
1.628448665719573540e+01, 1.558144553937596299e+01, 8.323469785600837056e+00, 7.910946748325115685e+00
1.625852427951929968e+01, 1.555933933367723299e+01, 8.332765647859176283e+00, 7.922283119432721676e+00
1.623350400604383736e+01, 1.553049679812013828e+01, 8.342190541972170692e+00, 7.933853734473005126e+00
1.620905154434657192e+01, 1.550831030191568338e+01, 8.351088762828487333e+00, 7.938415508387590691e+00
1.618443933186773265e+01, 1.548630570258089634e+01, 8.361472160080861471e+00, 7.949725068242751824e+00
1.616067227186556465e+01, 1.546302884839947467e+01, 8.371759786532832592e+00, 7.961197879649692943e+00
1.613604965811844849e+01, 1.543497234023975828e+01, 8.382560860014523385e+00, 7.971260345112086476e+00
1.610916806140862434e+01, 1.540152447546836001e+01, 8.391734826706802153e+00, 7.976664335349024526e+00
1.608395688610254837e+01, 1.538020897437793266e+01, 8.398294272917476988e+00, 7.976828533828493661e+00
1.606066495092287383e+01, 1.535525138510180199e+01, 8.408116056082569401e+00, 7.988795645826819225e+00
1.603620119647480990e+01, 1.533385423540395642e+01, 8.418653450248051229e+00, 7.997034033503779504e+00
1.601228363985266867e+01, 1.530668513007576870e+01, 8.429124030368910780e+00, 8.008732061396232282e+00
1.598946109911642566e+01, 1.528375704632501098e+01, 8.438763437053260930e+00, 8.014908684243978954e+00
1.596651020241742458e+01, 1.526203310031666582e+01, 8.449795965910995577e+00, 8.025056686145379814e+00
1.594310673421181690e+01, 1.523499106035068706e+01, 8.461009749571475780e+00, 8.036313117242576354e+00
1.592048035107536563e+01, 1.521198448672415005e+01, 8.471048370808032857e+00, 8.042586735086986849e+00
1.589613723705150150e+01, 1.518330546941568748e+01, 8.482099167388009064e+00, 8.052614797503757416e+00
1.587336571624917347e+01, 1.516225315582948063e+01, 8.491089792649745505e+00, 8.057512955149585210e+00
1.585106709863568142e+01, 1.513897020511861236e+01, 8.502475590067716027e+00, 8.069230679405572815e+00
1.582697591276685323e+01, 1.511857991009946467e+01, 8.513732765235626943e+00, 8.078904842516074325e+00
1.580039366698176728e+01, 1.509816173808500039e+01, 8.524553114235622786e+00, 8.091239664420383448e+00
1.577844636117371380e+01, 1.507575069189048378e+01, 8.533849166312240442e+00, 8.103736111395836161e+00
1.574958068472927586e+01, 1.503990116091935647e+01, 8.545506526148814785e+00, 8.114202556718415948e+00
1.572339383247484790e+01, 1.500660228943747221e+01, 8.550427879020160660e+00, 8.113601285600584134e+00
1.569769008649924125e+01, 1.498650833610025934e+01, 8.557481071193603128e+00, 8.114938050408058601e+00
1.567571834439102751e+01, 1.496669855414632444e+01, 8.567220229583149660e+00, 8.127534151521320638e+00
1.565243134775490930e+01, 1.494708023311134149e+01, 8.579093234737298346e+00, 8.140135068226701520e+00
1.563111061764298526e+01, 1.492528919344962013e+01, 8.590532417856383773e+00, 8.152898037318506042e+00
1.560952103437510452e+01, 1.490488886090702714e+01, 8.602425893092833675e+00, 8.163852724112723891e+00
1.558810548312040822e+01, 1.488144548002664003e+01, 8.614674457204893443e+00, 8.175885126960116267e+00
1.556461183006901727e+01, 1.486221976163836622e+01, 8.626346522242377191e+00, 8.185526956440511981e+00
1.554325589107627792e+01, 1.484233467521251981e+01, 8.637779950183247735e+00, 8.198657038826240750e+00
1.552179953047711791e+01, 1.482295479014521966e+01, 8.650208563314855326e+00, 8.211162075651724734e+00
1.550064458236603393e+01, 1.480328932417300969e+01, 8.662597562611034974e+00, 8.224125964135353684e+00
1.547556955082356467e+01, 1.478389747609312543e+01, 8.675164659324401839e+00, 8.236857419287302307e+00
1.545464890448239537e+01, 1.476424562272915608e+01, 8.685831829691693429e+00, 8.250070091562850649e+00
1.543213126603651730e+01, 1.474543557369863045e+01, 8.698583834972394513e+00, 8.262852729401632956e+00
1.541140203180898105e+01, 1.472621226409565587e+01, 8.710689066209928555e+00, 8.276398607529475981e+00
1.538393735821887276e+01, 1.470700438845115166e+01, 8.723565154253671849e+00, 8.289587514178185401e+00
1.536359857258959671e+01, 1.468649431736982791e+01, 8.733668427818070512e+00, 8.303090250925876603e+00
1.534333888039632932e+01, 1.466719534033549444e+01, 8.746513335539038536e+00, 8.315437995789213943e+00
1.531960552805881015e+01, 1.463766740342407502e+01, 8.759666995292899827e+00, 8.328661079957324631e+00
1.529800577934000927e+01, 1.461085474737218703e+01, 8.769627448891252897e+00, 8.335051834243920155e+00
1.527657438259686451e+01, 1.458578023015755676e+01, 8.781167492017967646e+00, 8.343224089290030676e+00
1.525552813547048459e+01, 1.455909654663200037e+01, 8.792981910345785579e+00, 8.352672334421898270e+00
1.523507093144851510e+01, 1.454083378908129376e+01, 8.804962799689706188e+00, 8.361059100476404993e+00
1.521510243506214088e+01, 1.451952446773778505e+01, 8.818452845215478675e+00, 8.375004743482186598e+00
1.519537469699793064e+01, 1.450083676541009226e+01, 8.831606960916561277e+00, 8.387058375206480676e+00
1.516560357013011817e+01, 1.448052786657802748e+01, 8.845405543328867637e+00, 8.400791007846928338e+00
1.514541930433238903e+01, 1.446254996568423223e+01, 8.855060292061669003e+00, 8.413990153555854334e+00
1.512574754063116522e+01, 1.444405075821079976e+01, 8.868955739456874099e+00, 8.428269216999417779e+00
1.510653709160936309e+01, 1.442552218058232683e+01, 8.883078739346105479e+00, 8.442252110141213350e+00
1.508647707531507542e+01, 1.440223377892622736e+01, 8.897229925117567717e+00, 8.456308867669974916e+00
1.506686630696012585e+01, 1.438454732804512837e+01, 8.910466868562760823e+00, 8.467674742473299432e+00
1.504537395311978720e+01, 1.436719025824442397e+01, 8.924772742374729617e+00, 8.482320738304837349e+00
1.502400059203528038e+01, 1.434984853020408302e+01, 8.938668280899509710e+00, 8.497251617892880304e+00
1.500381096952862237e+01, 1.433258310240749545e+01, 8.952594152680154238e+00, 8.512275630333892451e+00
1.498139227891143044e+01, 1.430473140779484176e+01, 8.967021745614015771e+00, 8.527361845790490946e+00
1.495894754375028057e+01, 1.427759276334223770e+01, 8.979095210206720523e+00, 8.536966170887833272e+00
1.493962063436757148e+01, 1.425578296706746784e+01, 8.991334005353625258e+00, 8.547116266406545648e+00
1.492089712118384170e+01, 1.423597855792185918e+01, 9.005532997480258928e+00, 8.560019843014496033e+00
1.490177604773599818e+01, 1.421912506685405830e+01, 9.020259890999762220e+00, 8.574016563689161430e+00
1.488132005312443518e+01, 1.420234756137415566e+01, 9.035363184260846836e+00, 8.589542630850141691e+00
1.486309417248937770e+01, 1.418245772441595598e+01, 9.050172671877589892e+00, 8.605209485402506076e+00
1.484492236945569132e+01, 1.416363157311343279e+01, 9.065557465310128293e+00, 8.619415698595602748e+00
1.482371253252211041e+01, 1.414707540845745548e+01, 9.081022504650576366e+00, 8.634237351312510356e+00
1.480207983187816723e+01, 1.413035731582405674e+01, 9.096133130361565122e+00, 8.650204131154032083e+00
1.478409292700295730e+01, 1.411017652623596597e+01, 9.111134925621531266e+00, 8.666210927134065045e+00
1.476579210658530172e+01, 1.409347406957597748e+01, 9.126885695379638008e+00, 8.680740550464218330e+00
1.474794647295493455e+01, 1.407590031657869112e+01, 9.142911712933027957e+00, 8.696864749868117528e+00
1.472985509958581396e+01, 1.405926355691742380e+01, 9.159009688213414435e+00, 8.712722999696437043e+00
1.470987231769194281e+01, 1.403498290613871724e+01, 9.175278137358239050e+00, 8.729054580453864176e+00
1.469205592414412642e+01, 1.401605379325568279e+01, 9.190233739139216596e+00, 8.742579347478447005e+00
1.467258694238039851e+01, 1.399999670744458591e+01, 9.206497562573630944e+00, 8.758246436885714914e+00
1.464698750070254363e+01, 1.396451530103380456e+01, 9.222870691115613084e+00, 8.775069415476620449e+00
1.462959012097931222e+01, 1.394573097609151446e+01, 9.235729702493909343e+00, 8.785334846108119322e+00
1.461232418723001736e+01, 1.392816921284866005e+01, 9.252512766622727369e+00, 8.801456716807196656e+00
1.459509520593866760e+01, 1.391113520806328196e+01, 9.269543666492689127e+00, 8.818093420407135952e+00
1.457782129766544266e+01, 1.389242761397011705e+01, 9.286737009761838024e+00, 8.835009357304967281e+00
1.456067422555979007e+01, 1.387505746662926143e+01, 9.303901214073608372e+00, 8.851573616159670976e+00
1.454093264528524898e+01, 1.385944763031667115e+01, 9.321278582372107380e+00, 8.868636174727146937e+00
1.452183490528521936e+01, 1.384395957926354193e+01, 9.338525957693054380e+00, 8.886248543379196008e+00
1.450256939136261636e+01, 1.382848986956127746e+01, 9.356081404832767845e+00, 8.904029706737482286e+00
1.448570590249071444e+01, 1.381149099728333773e+01, 9.373739593576187801e+00, 8.921927729956289355e+00
1.446851174340852353e+01, 1.379550011572226964e+01, 9.391761855619405353e+00, 8.939619359943598909e+00
1.445146542866151051e+01, 1.377947656510354513e+01, 9.410004237785010162e+00, 8.957681251806629774e+00
1.443472622772808478e+01, 1.376352742371446780e+01, 9.428391968766812070e+00, 8.975866487526921844e+00
1.441347897112204457e+01, 1.374773247972687074e+01, 9.446876554649518809e+00, 8.994185532698056207e+00
1.439670929410647204e+01, 1.373148678935616473e+01, 9.465032107095568747e+00, 9.012594752696461597e+00
1.438005443040604980e+01, 1.371413086829704220e+01, 9.483896456049871304e+00, 9.031155970524059384e+00
1.436172348351955641e+01, 1.369908989092049367e+01, 9.502726395380141966e+00, 9.049644972550350275e+00
1.434529476839907680e+01, 1.368258630589981983e+01, 9.521821359332733437e+00, 9.068666264710246949e+00
1.432596682807365340e+01, 1.366760674064032521e+01, 9.541068192208980392e+00, 9.087619867967500653e+00
1.430644469737003632e+01, 1.364249604635329938e+01, 9.560602103225781079e+00, 9.106946190716216805e+00
1.428751486438738638e+01, 1.362000376098745136e+01, 9.579155835071583525e+00, 9.124969804170747878e+00
1.427113763835080462e+01, 1.360460756784627989e+01, 9.598179009285408014e+00, 9.143631796140521573e+00
1.425357990556535626e+01, 1.358992536915569538e+01, 9.618213282457084290e+00, 9.163402404312718019e+00
1.423659702004717786e+01, 1.357529461927400050e+01, 9.638406131697474066e+00, 9.183344327903142812e+00
1.422055011145261538e+01, 1.355947188804305625e+01, 9.658764761366199991e+00, 9.203442761961222018e+00
1.420393178394387412e+01, 1.354477475938876019e+01, 9.679303587555025956e+00, 9.223680234571238756e+00
1.418792813033162048e+01, 1.352953384264609760e+01, 9.700055080241202887e+00, 9.244118378294682969e+00
1.417164926884331599e+01, 1.351100610142618663e+01, 9.720957440327387289e+00, 9.264714466386829272e+00
1.415539318150458925e+01, 1.349631739613817949e+01, 9.741819759486814334e+00, 9.285357976892484544e+00
1.413965501491452059e+01, 1.348005358043714175e+01, 9.763123635850050164e+00, 9.306311995165637896e+00
1.412049699093617505e+01, 1.346554256969650432e+01, 9.784529354255475653e+00, 9.327455896770908694e+00
1.410239420678805367e+01, 1.345116380441425896e+01, 9.806265736763359442e+00, 9.348625632616899495e+00
1.408682859173827673e+01, 1.343536078151737634e+01, 9.828210848434384417e+00, 9.370015450346828700e+00
1.407096675551929010e+01, 1.341709227145638650e+01, 9.850214904000937466e+00, 9.391728675452352348e+00
1.405548569954128446e+01, 1.340132614499398400e+01, 9.872295678229052740e+00, 9.413722362515816400e+00
1.403914448020120531e+01, 1.338717174751411676e+01, 9.894689074688347574e+00, 9.435847434441999582e+00
1.402302105401019183e+01, 1.336916787309063714e+01, 9.917433576812276996e+00, 9.458055704627994942e+00
1.400766992515729115e+01, 1.335351098253752689e+01, 9.940147648636616040e+00, 9.480693677042815182e+00
1.399184053889533530e+01, 1.333945496057839009e+01, 9.963168559373880129e+00, 9.503447398780700439e+00
1.397641435057255599e+01, 1.332514364067673363e+01, 9.986506787033063048e+00, 9.526240226547294299e+00
1.396120502423593202e+01, 1.330913798652786184e+01, 1.001002447887231561e+01, 9.549282418993104926e+00
1.394522747382953298e+01, 1.329521193478767316e+01, 1.003369485608616607e+01, 9.572764553563082757e+00
1.392889808532684981e+01, 1.328144769917751411e+01, 1.005772851032448756e+01, 9.596163069270046364e+00
1.391377657895065667e+01, 1.326679459487950830e+01, 1.008202989471807598e+01, 9.619710060023747289e+00
1.389853644789551623e+01, 1.325018319924117627e+01, 1.010641741557484607e+01, 9.643683458787705831e+00
1.388280915417096217e+01, 1.323267603237881573e+01, 1.013098081009344575e+01, 9.668173383629943274e+00
1.386782714173906683e+01, 1.321606906947039484e+01, 1.015582223764765324e+01, 9.693024257555222789e+00
1.385209824275001189e+01, 1.320247149803609865e+01, 1.018087922985388261e+01, 9.718137472921993592e+00
1.383708540488366978e+01, 1.318857191526446293e+01, 1.020630582679016740e+01, 9.742778705314533383e+00
1.382221277465342801e+01, 1.317466737601879956e+01, 1.023188332510457954e+01, 9.767751006221528698e+00
1.380724471426420585e+01, 1.316080256202901388e+01, 1.025768612844179550e+01, 9.792949893338988687e+00
1.379169399299515852e+01, 1.314732597026666028e+01, 1.028375609322989170e+01, 9.818396199882043263e+00
1.377555969538028080e+01, 1.313385026678408352e+01, 1.031017690411312415e+01, 9.843951065816344936e+00
1.375937870147339837e+01, 1.312054351594522927e+01, 1.033698027012014720e+01, 9.869775797445829113e+00
1.374483549962657669e+01, 1.310595340474495885e+01, 1.036407539522959098e+01, 9.895728437917092890e+00
1.372813362162611028e+01, 1.309259427189383374e+01, 1.039110076246648440e+01, 9.922366258265084227e+00
1.371360731055585447e+01, 1.307717365241727414e+01, 1.041885730172852043e+01, 9.948735995199795568e+00
1.369911523923049046e+01, 1.306297564551987023e+01, 1.044641172328308798e+01, 9.976152903295895769e+00
1.368474724632756256e+01, 1.304836582616003504e+01, 1.047425321820437993e+01, 1.000351396388427183e+01
1.366451363693901477e+01, 1.303371705173101347e+01, 1.050233795668647474e+01, 1.003128029335848304e+01
1.365021203164813990e+01, 1.301904090883573772e+01, 1.053213140839490869e+01, 1.005880275978491056e+01
1.363114833914761270e+01, 1.300499648132955244e+01, 1.056077228950520919e+01, 1.008710244879887519e+01
1.361563290592730446e+01, 1.299210071476220740e+01, 1.059099835390001942e+01, 1.011512247047117086e+01
1.360148008405919562e+01, 1.297688715165863549e+01, 1.062061768460266187e+01, 1.014332576332856029e+01
1.358686830687923930e+01, 1.296394667088275021e+01, 1.065009565713297768e+01, 1.017271547369578855e+01
1.357009252526500198e+01, 1.295107194497022363e+01, 1.068004190910766660e+01, 1.020151693415112248e+01
1.355609413966531918e+01, 1.293597155219454464e+01, 1.071100525084110444e+01, 1.023046774954701732e+01
1.354012759902671270e+01, 1.292321436107742016e+01, 1.074134077898874473e+01, 1.026073815012199297e+01
1.352600563109894161e+01, 1.291013845466090970e+01, 1.077269901732959312e+01, 1.029023793864001490e+01
1.351165864457702170e+01, 1.289728475087409443e+01, 1.080373196120730839e+01, 1.032027375647986567e+01
1.349745577089764126e+01, 1.288449956676319275e+01, 1.083516817583271497e+01, 1.035050309840788252e+01
1.348369106084960123e+01, 1.287081423057585461e+01, 1.086686602291648640e+01, 1.038099016309341671e+01
1.346919452011325724e+01, 1.285823616227171939e+01, 1.089870105125010546e+01, 1.041220306238860083e+01
1.345535144731896970e+01, 1.284512750187544761e+01, 1.093116744624548886e+01, 1.044318572060743122e+01
1.344116390475343081e+01, 1.283234814310023708e+01, 1.096369363816190123e+01, 1.047475902453076380e+01
1.342706258895892724e+01, 1.281943864061311089e+01, 1.099670534962880453e+01, 1.050648738117884839e+01
1.341093006594555703e+01, 1.279951555402334051e+01, 1.103002207867896445e+01, 1.053860846510264437e+01
1.339706214831434572e+01, 1.278489405845290250e+01, 1.106448516258415360e+01, 1.057438467366124613e+01
1.338114484462123421e+01, 1.277236155239844706e+01, 1.109838935757239575e+01, 1.060801575871375313e+01
1.336696679923259268e+01, 1.276005480478473508e+01, 1.113355487668455446e+01, 1.064075800431572816e+01
1.335359805773398278e+01, 1.274637540641480449e+01, 1.116830435200750316e+01, 1.067385246409924626e+01
1.333886921405133741e+01, 1.272850345195943866e+01, 1.120303030076950357e+01, 1.070806935693806672e+01
1.332279698515851685e+01, 1.271615985962718121e+01, 1.123882837475589547e+01, 1.074495870508356532e+01
1.330939881733016072e+01, 1.270365516771758330e+01, 1.127557683677619238e+01, 1.077893751123274058e+01
1.329537130191313565e+01, 1.269144004032543016e+01, 1.131140281872218978e+01, 1.081354211151874622e+01
1.328184741189533291e+01, 1.267902479521707981e+01, 1.134790252314569692e+01, 1.084831372541249017e+01
1.326863677869859082e+01, 1.266477712798112698e+01, 1.138452125267115633e+01, 1.088356712691160588e+01
1.325523685589242184e+01, 1.265263052153452961e+01, 1.142137441109021267e+01, 1.092033449395754907e+01
1.324219375169971613e+01, 1.263872014712189973e+01, 1.145867455886044439e+01, 1.095609528429112522e+01
1.322693964643071496e+01, 1.262679798866371783e+01, 1.149618201235082182e+01, 1.099345116498187913e+01
1.321328073567163131e+01, 1.261493967902709201e+01, 1.153528070476858680e+01, 1.102966879090784857e+01
1.319938092367819138e+01, 1.260308365819854792e+01, 1.157388809887380887e+01, 1.106629062637906635e+01
1.318648443086930833e+01, 1.258986772904014195e+01, 1.161303105765488475e+01, 1.110329116393845261e+01
1.317032943567157055e+01, 1.257772203174290837e+01, 1.165199142204566307e+01, 1.114164484606134309e+01
1.315741408420665692e+01, 1.256408160366079052e+01, 1.169337002932530112e+01, 1.117944500473974401e+01
1.314425087799129699e+01, 1.255213124483016074e+01, 1.173315226473439132e+01, 1.121887034153709273e+01
1.313132790721582843e+01, 1.253785019929571476e+01, 1.177346770440895440e+01, 1.125747417940970152e+01
1.311849418311478921e+01, 1.252442104563142955e+01, 1.181408328277221997e+01, 1.129821206428657021e+01
1.310584477167092032e+01, 1.251208020972209667e+01, 1.185505586821120438e+01, 1.133871542484195594e+01
1.309215802497840642e+01, 1.250051095297307491e+01, 1.189628792876115604e+01, 1.137879313421297489e+01
1.307859687206936883e+01, 1.248895286995782250e+01, 1.193857997954305183e+01, 1.141863749945656359e+01
1.306588740331482512e+01, 1.247696241739394729e+01, 1.198122729695768385e+01, 1.145887138902506486e+01
1.305332604494381421e+01, 1.246379158042073243e+01, 1.202372770931129331e+01, 1.149988250880505802e+01
1.303764102060157271e+01, 1.245184684074930637e+01, 1.206659405465416768e+01, 1.154227921784532995e+01
1.302460383609636096e+01, 1.244025604056697709e+01, 1.211215618852183162e+01, 1.158388845289408842e+01
1.300817596448442082e+01, 1.242854504037768848e+01, 1.215618980955889761e+01, 1.162579522185423286e+01
1.299510229301482589e+01, 1.241705903626495378e+01, 1.220333501806332954e+01, 1.166808902376737400e+01
1.298205473553445266e+01, 1.240579437898590243e+01, 1.224833399281563473e+01, 1.171073789270622356e+01
1.296952510892112009e+01, 1.239408800435379554e+01, 1.229377066926402762e+01, 1.175359223880803761e+01
1.295692802747404926e+01, 1.237982439796313727e+01, 1.233922851648586239e+01, 1.179727249355472551e+01
1.294454875378514913e+01, 1.236650220208752948e+01, 1.238522198229582294e+01, 1.184365077261472976e+01
1.293184150850989234e+01, 1.235523511799770624e+01, 1.243149832518101050e+01, 1.188967603645875926e+01
1.291949122753757528e+01, 1.234384925378965292e+01, 1.247846123934425222e+01, 1.193425362300253667e+01
1.290352642551879292e+01, 1.233219397256518413e+01, 1.252558728565073487e+01, 1.197937824399003581e+01
1.289143465939389266e+01, 1.232019744756071944e+01, 1.257641722654379812e+01, 1.202511882618004257e+01
1.287892115362415169e+01, 1.230890429493924998e+01, 1.262426549270766785e+01, 1.207172378255003586e+01
1.286690276219685458e+01, 1.229709729351445979e+01, 1.267295922113867412e+01, 1.211810122949773749e+01
1.285484048156704695e+01, 1.228427087286364916e+01, 1.272167746855726378e+01, 1.216542829502053813e+01
1.283984991134866860e+01, 1.227311599803520714e+01, 1.277093846640248032e+01, 1.221423292013514228e+01
1.282347102055310373e+01, 1.226179100930054489e+01, 1.282347102055310373e+01, 1.226179100930054489e+01
