# p3_filt_x, p3_filt_y, p3_smoothed_x, p3_smoothed_y
1.000000000000000000e+02, 1.000000000000000000e+02, nan, nan
8.118736106396694652e+01, 8.350529529905843162e+01, nan, nan
9.672956841406447381e+01, 9.744433806815032995e+01, nan, nan
1.005286916027408068e+02, 1.006660855369807166e+02, nan, nan
9.643242945863903515e+01, 9.890244313951535560e+01, nan, nan
9.289298515051980587e+01, 9.377602797401085866e+01, nan, 2.074493934320342703e+01
8.923346578719028344e+01, 8.906058231728889041e+01, 2.049762401920908772e+01, 2.522571803100535348e+01
8.557712019072786802e+01, 8.499085650507095124e+01, 2.530599941723676594e+01, 2.589594866460759448e+01
8.133448374890816979e+01, 8.166654608066339449e+01, 2.699882358166583529e+01, 2.558164103858338834e+01
7.790943157837084243e+01, 7.866820754400959004e+01, 2.564085454678462739e+01, 2.611781050702789386e+01
7.517645520465021036e+01, 7.522593880881083805e+01, 2.421112907719732732e+01, 2.626910173270809068e+01
7.272433472758737594e+01, 7.270294224003872330e+01, 2.437556935494745858e+01, 2.476626900146681720e+01
7.049927247237397410e+01, 7.017291186397967806e+01, 2.424524742127019294e+01, 2.437257849971544132e+01
6.791242344356476224e+01, 6.809497165836870636e+01, 2.414589820902375550e+01, 2.318883619321082534e+01
6.607461840598651293e+01, 6.623110996541237228e+01, 2.256737571685843236e+01, 2.293103996467666761e+01
6.431521380340380745e+01, 6.405651651196582463e+01, 2.232062635719413279e+01, 2.264676373380557095e+01
6.275863361265905382e+01, 6.244503674902398416e+01, 2.188574488984220068e+01, 2.108031669115592521e+01
6.073024984245004276e+01, 6.095629051469100546e+01, 2.172035908942034510e+01, 2.041993506564904948e+01
5.931268794865994920e+01, 5.969934105914807532e+01, 2.030297031400676744e+01, 2.016804159600439306e+01
5.811931243453873464e+01, 5.829397268111196695e+01, 1.978294260113353076e+01, 2.007954625209856303e+01
5.693057833492864006e+01, 5.716764262438706368e+01, 1.961944880466757013e+01, 1.942415520602369483e+01
5.567455873081625839e+01, 5.611037607789719317e+01, 1.933609168889761776e+01, 1.927476548716710170e+01
5.466853260955190308e+01, 5.497783949726931496e+01, 1.872760448857373561e+01, 1.915738904932904774e+01
5.371513526487088797e+01, 5.390861772126484652e+01, 1.856664628350796065e+01, 1.876824751044003037e+01
5.279191354676082426e+01, 5.292225550253487398e+01, 1.841870418655631170e+01, 1.836766757647649939e+01
5.187881847319272310e+01, 5.205847007938898940e+01, 1.825817485222335179e+01, 1.801434711314090364e+01
5.094273026930633108e+01, 5.123849089043975624e+01, 1.803755769764826766e+01, 1.788722466743190509e+01
4.982975044563777800e+01, 5.039875844495371382e+01, 1.767413239601040686e+01, 1.778676170938478407e+01
4.903201109059093454e+01, 4.967469105182200195e+01, 1.666313595595687858e+01, 1.749022746801550454e+01
4.818037897882076237e+01, 4.842433634217378113e+01, 1.626474167500909473e+01, 1.739575514749588336e+01
4.755389852692383812e+01, 4.772654064281942965e+01, 1.587444627413984932e+01, 1.622637821735047226e+01
4.694520284919592257e+01, 4.707898037661585988e+01, 1.580124517864528855e+01, 1.600523256750822298e+01
4.634388999684550470e+01, 4.647729938646516956e+01, 1.571775962384002234e+01, 1.584213596896525900e+01
4.577510955520956770e+01, 4.585457478041904977e+01, 1.560652179688489127e+01, 1.573732794183819728e+01
4.506498365104704362e+01, 4.529060939092628502e+01, 1.553228834691008764e+01, 1.554145706531850202e+01
4.452915593590099519e+01, 4.462313640399337800e+01, 1.505054459983965032e+01, 1.541338290354779339e+01
4.401983917510896305e+01, 4.409820594506383173e+01, 1.495220661584561661e+01, 1.503568729483879096e+01
4.353217962499675764e+01, 4.354423310167385353e+01, 1.486982118164334032e+01, 1.491854552985008731e+01
4.302764192688064782e+01, 4.307060036470080178e+01, 1.480412390983426008e+01, 1.469118667653840760e+01
4.245089109905873670e+01, 4.260821116600251912e+01, 1.467693578992926717e+01, 1.462000021069957256e+01
4.200729712270488392e+01, 4.214473578764181383e+01, 1.433138207427476019e+01, 1.454122582841557687e+01
4.157211847125549298e+01, 4.158598104599281697e+01, 1.426372363425598877e+01, 1.444071866203502275e+01
4.104074355582103095e+01, 4.114980439611296248e+01, 1.418956044980546238e+01, 1.408054221927936389e+01
4.063675318822065208e+01, 4.072339958522711356e+01, 1.385248739020333630e+01, 1.396791038769505988e+01
4.023997875755309650e+01, 4.023987703610927724e+01, 1.377979689631477100e+01, 1.384969255483579431e+01
3.986405535348517049e+01, 3.981916887491142631e+01, 1.370529399277883087e+01, 1.354630342678951038e+01
3.946970686862613320e+01, 3.945668295086976940e+01, 1.365041039126816713e+01, 1.335228041119469999e+01
3.896227203728125232e+01, 3.907048719324576780e+01, 1.354563308654500808e+01, 1.330582039912512116e+01
3.856527127839289903e+01, 3.872267365640681192e+01, 1.314200821745480674e+01, 1.319767425957956952e+01
3.823510221626131766e+01, 3.834830985335985076e+01, 1.294490386823457939e+01, 1.313442270325347394e+01
3.782355641472500452e+01, 3.801509973699925382e+01, 1.290188202096876324e+01, 1.298958781601128543e+01
3.749687170225319477e+01, 3.770509856208494881e+01, 1.261091634187536314e+01, 1.291489252699041934e+01
3.719159024296997273e+01, 3.735354777301338203e+01, 1.251474752915353328e+01, 1.287903398161697588e+01
3.687914050101438335e+01, 3.705772507487049694e+01, 1.247515420356884519e+01, 1.274812184415718974e+01
3.655298999749945921e+01, 3.676778958215020054e+01, 1.238379085546245761e+01, 1.271447319567081813e+01
3.626800817253176490e+01, 3.646295328710352379e+01, 1.223161362828247611e+01, 1.267437902493187529e+01
3.598878512458376377e+01, 3.617652448672508569e+01, 1.217809107894161258e+01, 1.261458567256438812e+01
3.568658320970903475e+01, 3.576029098971863363e+01, 1.212904602604580262e+01, 1.257318953679337703e+01
3.541344929915772610e+01, 3.541680386590779506e+01, 1.204912445109482277e+01, 1.225326105638601248e+01
3.505174911259462789e+01, 3.492604392229480226e+01, 1.199926903687902779e+01, 1.203770358104190841e+01
3.480055429462051109e+01, 3.463138933611564596e+01, 1.169835216547087064e+01, 1.139348204697448530e+01
3.456782545801950590e+01, 3.438716540278100098e+01, 1.162766598020511921e+01, 1.118872274357963015e+01
3.425806328682182311e+01, 3.415718005566566973e+01, 1.160208837597608067e+01, 1.110467560507999707e+01
3.401917791107127442e+01, 3.393369456028595010e+01, 1.143163836707769043e+01, 1.108242759544461897e+01
3.378323344409885465e+01, 3.371570821022023523e+01, 1.137983824515818654e+01, 1.104299402198096658e+01
3.356731071887823958e+01, 3.348259273304571337e+01, 1.132249955418596166e+01, 1.101782401765370345e+01
3.330534452958931269e+01, 3.326505796749560773e+01, 1.129562922632180744e+01, 1.092471807995248412e+01
3.309470841818178855e+01, 3.305502340300046171e+01, 1.116723406212843805e+01, 1.089443632690789698e+01
3.288542256322499213e+01, 3.279963107747123985e+01, 1.113630501376702320e+01, 1.085488141845011079e+01
3.268323438525178659e+01, 3.259298926613352876e+01, 1.108779339739368197e+01, 1.066082666141720559e+01
3.241251755618591801e+01, 3.238287906977942043e+01, 1.105999066086686078e+01, 1.059926756306450635e+01
3.217764167365802308e+01, 3.218858016415079248e+01, 1.088924227587171956e+01, 1.055915199454618225e+01
3.197323099314872863e+01, 3.200043130297640914e+01, 1.077613764872231528e+01, 1.053571830264021258e+01
3.176885729913504264e+01, 3.181602561147957431e+01, 1.071924485832032481e+01, 1.050622264611303613e+01
3.158419023250921498e+01, 3.162203768538991255e+01, 1.065235686614531296e+01, 1.048629074462790989e+01
3.138213086148422448e+01, 3.144299259487009834e+01, 1.062261937541638268e+01, 1.041954542901976133e+01
3.117162403337389165e+01, 3.126125244862731734e+01, 1.054785607185929841e+01, 1.040026500659410402e+01
3.098859471562981582e+01, 3.108880925216536539e+01, 1.044270171311598183e+01, 1.037090224366741609e+01
3.080660366289768959e+01, 3.091888099322919103e+01, 1.039341944547542163e+01, 1.035100733064802370e+01
3.063520651362286884e+01, 3.072206524996046895e+01, 1.034006798151838957e+01, 1.033127144923725815e+01
3.045692299694804817e+01, 3.055781929106194639e+01, 1.030555622897749757e+01, 1.023406970340924538e+01
3.028897870720171071e+01, 3.039158244481673421e+01, 1.024990099353810002e+01, 1.021514081104442795e+01
3.012415270030239611e+01, 3.022782096188966250e+01, 1.021254412925274124e+01, 1.018294950511546659e+01
2.994825291246078436e+01, 3.007026785832169224e+01, 1.017730368258066953e+01, 1.015186702971390176e+01
2.979180225604175902e+01, 2.990915945025399125e+01, 1.011027546406104705e+01, 1.013331218088868546e+01
2.963083297719404996e+01, 2.971467716394857561e+01, 1.008358573196610841e+01, 1.009946375821751019e+01
2.948066403411071335e+01, 2.955318284773989390e+01, 1.004006286769927492e+01, 9.976963297736542557e+00
2.932904736057312789e+01, 2.939849567805030617e+01, 1.001699730258016707e+01, 9.926283334170163286e+00
2.917767815486996597e+01, 2.925083936833229714e+01, 9.988112017999759118e+00, 9.886609561288089765e+00
2.902490061641076480e+01, 2.910688917809942566e+01, 9.955588037880696461e+00, 9.861771057293303500e+00
2.888238510971680739e+01, 2.894248577447503123e+01, 9.915871916133383479e+00, 9.842879832423131248e+00
2.874253695531532671e+01, 2.877480910494290711e+01, 9.891642645907072762e+00, 9.765041240988590943e+00
2.860463145178628963e+01, 2.862548016803374296e+01, 9.869320256126247415e+00, 9.665707369369108903e+00
2.844403576584370441e+01, 2.848972539789220093e+01, 9.848118655588974590e+00, 9.609949002778789051e+00
2.830542756837238372e+01, 2.835386968227429350e+01, 9.782532831585672994e+00, 9.593564147959696697e+00
2.817304386802873850e+01, 2.820869416359092341e+01, 9.754952510644175234e+00, 9.567127615641735972e+00
2.803788924499504276e+01, 2.807745534103456109e+01, 9.732947036892836579e+00, 9.510483523252622362e+00
2.789532374761793676e+01, 2.794893964805542197e+01, 9.706236341617273666e+00, 9.487871308156300643e+00
2.776837128320986636e+01, 2.780348254023643406e+01, 9.664113635717589190e+00, 9.469504125256422711e+00
2.763591796264670108e+01, 2.767800474357710527e+01, 9.645306896632915183e+00, 9.393102921731710353e+00
2.750608180911382661e+01, 2.755376533788686544e+01, 9.616010263177919626e+00, 9.373533771029672224e+00
2.734692297876308587e+01, 2.742356013940698034e+01, 9.588945039588162800e+00, 9.353169687101953400e+00
2.722679774030859789e+01, 2.729645447653327750e+01, 9.497949917604049830e+00, 9.326251269915273312e+00
2.709597033834877777e+01, 2.717850266074973931e+01, 9.480611569266367056e+00, 9.287760778104290793e+00
2.697466833629876248e+01, 2.705967396830550697e+01, 9.441565617755044215e+00, 9.274529051117935907e+00
2.680873657252259434e+01, 2.693201649613550330e+01, 9.418316465578463692e+00, 9.252211808942480076e+00
2.669603149844597922e+01, 2.680596675413752195e+01, 9.297386678976607755e+00, 9.218304394420554715e+00
2.658303336150085983e+01, 2.669165083685834006e+01, 9.281157492480103244e+00, 9.169518955178745045e+00
2.646972876125092000e+01, 2.657977810575458477e+01, 9.263338695335480821e+00, 9.147796183880943843e+00
2.636054144888733219e+01, 2.646246097383061624e+01, 9.243064864315256202e+00, 9.129620854674813657e+00
2.624901174087289846e+01, 2.635417020440463887e+01, 9.228342582683021433e+00, 9.092570622348127074e+00
2.614146905341619131e+01, 2.622784343240880034e+01, 9.207512459106432345e+00, 9.078092037908458423e+00
2.602881817994752467e+01, 2.612316904625639324e+01, 9.188398172620701132e+00, 9.011932469803715762e+00
2.585770062809485736e+01, 2.599432694655810394e+01, 9.161493346096069246e+00, 9.001474704468369836e+00
2.574461935785855360e+01, 2.589351440360872303e+01, 9.008645372818596897e+00, 8.941619542870064663e+00
2.564349623685149027e+01, 2.579074496074201406e+01, 8.971184511702656295e+00, 8.932607824658054696e+00
2.554359707465704687e+01, 2.568939260748929954e+01, 8.955909782296030741e+00, 8.914793065774057723e+00
2.543154166547592254e+01, 2.559039246954510460e+01, 8.941269849977645734e+00, 8.898224894455301737e+00
2.532357054088222625e+01, 2.549412597912589362e+01, 8.899109678800307677e+00, 8.886984080289185073e+00
2.522519756378608946e+01, 2.539787970052040222e+01, 8.863291043350420395e+00, 8.878680405488891481e+00
2.512667176311305894e+01, 2.530267361849112362e+01, 8.845089334276432069e+00, 8.868079699686857609e+00
2.502680558072364292e+01, 2.520674046845984861e+01, 8.824783736430839909e+00, 8.857908627213362251e+00
2.492754875787625579e+01, 2.511429266726849718e+01, 8.799848065839913858e+00, 8.844082414396277514e+00
2.483654292636391858e+01, 2.501391129351695852e+01, 8.773735061680813629e+00, 8.836458283748857667e+00
2.474173871387274559e+01, 2.488720365830060643e+01, 8.763516110527902470e+00, 8.809370252225866338e+00
2.464918015233148907e+01, 2.479714781030954640e+01, 8.741783330118231277e+00, 8.719123764015208167e+00
2.454476990093844790e+01, 2.470746881852694798e+01, 8.725036748756815896e+00, 8.708832828479190269e+00
2.444601093090919974e+01, 2.462002383988226484e+01, 8.681468205278461525e+00, 8.698991423173731974e+00
2.435963596760296568e+01, 2.451583601323349626e+01, 8.647042254237776504e+00, 8.691541843785834942e+00
2.427377506294787679e+01, 2.442389181779272178e+01, 8.636159562005291335e+00, 8.644314155414294376e+00
2.416511769703739887e+01, 2.433624439859820754e+01, 8.625715254075149829e+00, 8.621175963428575173e+00
2.407683202649541698e+01, 2.425298573616439057e+01, 8.565404714734599523e+00, 8.608219958864250287e+00
2.398931261967439355e+01, 2.417073891827492105e+01, 8.545325542958394749e+00, 8.601869391266559361e+00
2.390386846334731530e+01, 2.408840820225006141e+01, 8.525203785752173857e+00, 8.596234635211560615e+00
2.382302219054591319e+01, 2.400247468738820800e+01, 8.507873983485630731e+00, 8.589025258899233961e+00
2.374215523798516614e+01, 2.391881351932108402e+01, 8.499100312997503792e+00, 8.572914584840628294e+00
2.366321843020301685e+01, 2.382646718999976088e+01, 8.488960815452173847e+00, 8.560080597858524598e+00
2.357923822135493452e+01, 2.374792863058910797e+01, 8.481699289791830410e+00, 8.527048368450701687e+00
2.349542170397722174e+01, 2.367027607109208276e+01, 8.462486377362012036e+00, 8.521806848814655666e+00
2.341005654057790508e+01, 2.359340844444851015e+01, 8.441992737660212853e+00, 8.517155805112695433e+00
2.333454264011929524e+01, 2.350566484681926838e+01, 8.416386158192977973e+00, 8.512798242670935878e+00
2.325837704234457348e+01, 2.341001881672054807e+01, 8.410831242800517416e+00, 8.485037013581239407e+00
2.318400830852982253e+01, 2.333038701109620661e+01, 8.402698635299518770e+00, 8.437864234812428421e+00
2.309374348431529356e+01, 2.325568213482501889e+01, 8.396918165903704434e+00, 8.422358810142000607e+00
2.301245888677753371e+01, 2.314070564158123133e+01, 8.356679197297703254e+00, 8.417049272212361544e+00
2.293967238009854270e+01, 2.306746314435506306e+01, 8.333268961246101725e+00, 8.321613151105848871e+00
2.286892609658064046e+01, 2.299234323244941081e+01, 8.326240524168321500e+00, 8.314067558510142675e+00
2.279144333846953074e+01, 2.292160004189217304e+01, 8.322137617994572523e+00, 8.300963948138743831e+00
2.269405596857760443e+01, 2.284526729937660861e+01, 8.303797763096502749e+00, 8.297693940925185530e+00
2.262468326453669221e+01, 2.276509319297855072e+01, 8.243102147565611659e+00, 8.282473127125845380e+00
2.254890136193800743e+01, 2.269685303015607403e+01, 8.237352415830674346e+00, 8.255285953325229187e+00
2.247162970242280622e+01, 2.262908211536186087e+01, 8.217693754398020189e+00, 8.252742435890276340e+00
2.239225995358291499e+01, 2.256214814935772139e+01, 8.193505829668771057e+00, 8.250030832030256889e+00
2.232304610078396223e+01, 2.247345570384077362e+01, 8.162896935744401006e+00, 8.247833521987823602e+00
2.224993082147028645e+01, 2.240799094044311346e+01, 8.153283415731770845e+00, 8.199534076757920786e+00
2.217008924629253386e+01, 2.234065072098631433e+01, 8.133620026946744019e+00, 8.197723357376467845e+00
2.210306854436288049e+01, 2.227637472164613541e+01, 8.098391410157619319e+00, 8.190894637075150087e+00
2.203556455862310415e+01, 2.221272625015815905e+01, 8.088439386608119008e+00, 8.189312206308555275e+00
2.197102744612521974e+01, 2.214889387674269372e+01, 8.076371784954334387e+00, 8.188117546241745259e+00
2.188123095803347695e+01, 2.207875723274582214e+01, 8.069762885944733455e+00, 8.185893371050733336e+00
2.181921258391761853e+01, 2.200602856686665376e+01, 8.007890373093417224e+00, 8.168084539356005536e+00
2.175865932329434571e+01, 2.194122056005097932e+01, 8.005161514732662909e+00, 8.147344121706041165e+00
2.169813801898277816e+01, 2.187863846877502638e+01, 8.003550666001743252e+00, 8.140492763065005022e+00
2.163815743885938048e+01, 2.181522070892988907e+01, 8.001070947927695798e+00, 8.136927740509186435e+00
2.157497929371092837e+01, 2.175331985307230553e+01, 7.998935715967551374e+00, 8.131324413808114215e+00
2.150963080139989003e+01, 2.169394001868707988e+01, 7.988256005969901707e+00, 8.128130945546605091e+00
2.145029291556942042e+01, 2.162319857545053736e+01, 7.971885656131293629e+00, 8.128162134918197168e+00
2.137307500586564757e+01, 2.150673250647349377e+01, 7.970083202300607184e+00, 8.107024929363637611e+00
2.131674099744022399e+01, 2.144533656679472955e+01, 7.933758193091836830e+00, 7.995191660037198389e+00
2.125867316610618829e+01, 2.138824905229879292e+01, 7.934145960187708013e+00, 7.986619170467425199e+00
2.120152489757117209e+01, 2.131922281324267843e+01, 7.930197271827870154e+00, 7.985872092600478034e+00
2.114635368435738272e+01, 2.125691442850604673e+01, 7.927666722543659894e+00, 7.960599451490861789e+00
2.109179529719869350e+01, 2.119491509436364396e+01, 7.928073982780232676e+00, 7.947433136886213667e+00
2.102515516816468377e+01, 2.113864500241904310e+01, 7.929014943718605046e+00, 7.933692334848938543e+00
2.096988140804695178e+01, 2.106706450336615788e+01, 7.906297241589305358e+00, 7.931757122120683512e+00
2.091180155098726345e+01, 2.101349030823681829e+01, 7.903945057497520743e+00, 7.896935284747195638e+00
2.085891766409113046e+01, 2.095460216062652137e+01, 7.896294333583282032e+00, 7.897950801494328488e+00
2.079278019725457582e+01, 2.089954032127419126e+01, 7.897341188352152486e+00, 7.887202726794081187e+00
2.073160968826670825e+01, 2.084705285433846100e+01, 7.873258156865034607e+00, 7.884727043727728812e+00
2.067905199349928580e+01, 2.079377827428906755e+01, 7.857383960758260066e+00, 7.886014677972596587e+00
2.061091655500007391e+01, 2.073911162278958642e+01, 7.856999896980713771e+00, 7.884754196635054058e+00
2.055501608223171672e+01, 2.068803800781692104e+01, 7.826120767955369928e+00, 7.880710235340051995e+00
2.048661753255211693e+01, 2.063490484597432939e+01, 7.817345571696860063e+00, 7.882520676174764596e+00
2.043660460239057386e+01, 2.057931899638028739e+01, 7.782859192419540939e+00, 7.879582609234899948e+00
2.038308757151254014e+01, 2.052944326782854034e+01, 7.784462920985975032e+00, 7.871899040966852112e+00
2.033409759583813781e+01, 2.047693246270160472e+01, 7.777732636196980742e+00, 7.874077116305762125e+00
2.028272777585399567e+01, 2.042765695805655213e+01, 7.779857286357556134e+00, 7.871114276608910387e+00
2.023067349550097660e+01, 2.035832506843470213e+01, 7.776473018292188399e+00, 7.873383385650810418e+00
2.018208392786835503e+01, 2.030090495510161475e+01, 7.772696703656667871e+00, 7.838627948151045466e+00
2.013131457049218653e+01, 2.023196509005327570e+01, 7.774044570898338335e+00, 7.824233700232907651e+00
2.007860207181029821e+01, 2.018468726102656774e+01, 7.770624148928312103e+00, 7.786741792704557241e+00
2.003113830158545383e+01, 2.013632278773348006e+01, 7.763007991284808895e+00, 7.789641956824428171e+00
1.998443935388523585e+01, 2.008103829968099419e+01, 7.764474600780037150e+00, 7.789724876680821808e+00
1.993578462745870539e+01, 2.003473374554356568e+01, 7.766814260481751830e+00, 7.775982634687901296e+00
1.988899167477017471e+01, 1.998825399766550603e+01, 7.765325743255007573e+00, 7.779042870947397326e+00
1.984146251243550196e+01, 1.994200927579745652e+01, 7.766722704116693521e+00, 7.781219392345202657e+00
1.979483519594002061e+01, 1.988176512052763911e+01, 7.766460476634867938e+00, 7.783367105214034964e+00
1.975012198598484048e+01, 1.983242878074475257e+01, 7.766865422212800851e+00, 7.758276934496586286e+00
1.970563161631751825e+01, 1.978607634688587424e+01, 7.770529796113621046e+00, 7.752823990454093206e+00
1.966105563368382292e+01, 1.973946335116761475e+01, 7.774195454786913650e+00, 7.752904050110648981e+00
1.961708087220010910e+01, 1.968916042750864293e+01, 7.777497442670740391e+00, 7.751814278617676912e+00
1.957189458549787631e+01, 1.963557136272480363e+01, 7.781024909812272128e+00, 7.743068737695303128e+00
1.951476608253559775e+01, 1.958911311331551275e+01, 7.781499344440675259e+00, 7.727616310808764766e+00
1.946546234496925010e+01, 1.954583206401125395e+01, 7.763195498371572079e+00, 7.727169338587769332e+00
1.942209651817052674e+01, 1.950216070161837223e+01, 7.757245403404013473e+00, 7.731023279768187706e+00
1.937884165802917380e+01, 1.945855191792015049e+01, 7.760399286515642814e+00, 7.733100710032458913e+00
1.933557055762843291e+01, 1.941511029854741821e+01, 7.763484436851221027e+00, 7.734847834675584899e+00
1.929383193016888853e+01, 1.936763448044118974e+01, 7.766321532873047495e+00, 7.736469916079612652e+00
1.925004408666387690e+01, 1.932554440921638061e+01, 7.770832921698608509e+00, 7.729868002283819095e+00
1.919767416804508642e+01, 1.928287024698900964e+01, 7.772376205805191063e+00, 7.733321873354980447e+00
1.915678154534868582e+01, 1.923761024837383360e+01, 7.760020782943521489e+00, 7.736432767760391904e+00
1.911541946884390697e+01, 1.919549019103022403e+01, 7.764785915753693146e+00, 7.733046217146372747e+00
1.904580542006707589e+01, 1.914567235041043247e+01, 7.768871030433953884e+00, 7.735109707447221261e+00
1.900153888952156223e+01, 1.910545758814488337e+01, 7.727482961930105532e+00, 7.725914913096701753e+00
1.895207125765502809e+01, 1.906390455965240349e+01, 7.725715920882379351e+00, 7.730811400347068485e+00
1.890119980185465920e+01, 1.902267713043138286e+01, 7.715087199506606375e+00, 7.733327263049714517e+00
1.886031483897368233e+01, 1.898300510326475887e+01, 7.701592598686214153e+00, 7.735898237788820353e+00
1.882145670463931708e+01, 1.894065358019142309e+01, 7.703838323656137632e+00, 7.740395746523827114e+00
1.878242915151169257e+01, 1.890063870220469155e+01, 7.709038740017663649e+00, 7.739992141210447762e+00
1.874255640938847378e+01, 1.886108653445052141e+01, 7.713729448463628735e+00, 7.743258109035254577e+00
1.870298841487327834e+01, 1.882236182510045808e+01, 7.716896543917766138e+00, 7.746993103996698160e+00
1.866492587794314062e+01, 1.877784466330417956e+01, 7.720247633374744289e+00, 7.751895118899084558e+00
1.862158662384366892e+01, 1.873974305622357051e+01, 7.725485260654562758e+00, 7.746775277884005106e+00
1.856458685409931419e+01, 1.869586588761909951e+01, 7.722516296106739730e+00, 7.752184043349330977e+00
1.852676776981624940e+01, 1.865792987887653354e+01, 7.697291312978521205e+00, 7.748037456080679064e+00
1.848316287606747466e+01, 1.862005208024459790e+01, 7.701863689881695230e+00, 7.752832792358969272e+00
1.844286847691713405e+01, 1.858315533456175217e+01, 7.697007131652959799e+00, 7.757406201426120695e+00
1.839517111495987578e+01, 1.854474626578223706e+01, 7.697028649955826474e+00, 7.763302623657444279e+00
1.835922661301799508e+01, 1.850489879736016974e+01, 7.684848649361466499e+00, 7.766285497346741451e+00
1.832290921105051495e+01, 1.846717976811703110e+01, 7.691075514899215371e+00, 7.767264008601616254e+00
1.828646828598873597e+01, 1.842336767541946685e+01, 7.696444246866386507e+00, 7.771195346055674413e+00
1.825050184723841795e+01, 1.838670508884710841e+01, 7.701458692759456603e+00, 7.765555848065923250e+00
1.821278213133638246e+01, 1.835070556962141097e+01, 7.706931434175148254e+00, 7.770450834836316822e+00
1.817768173950994992e+01, 1.831045336497098930e+01, 7.709489906086028910e+00, 7.776140830195099163e+00
1.814274623524994823e+01, 1.827346923653160360e+01, 7.715838268401419064e+00, 7.775216441429401826e+00
1.810800085134498261e+01, 1.823649956968302988e+01, 7.722234529447556284e+00, 7.778928076933943281e+00
1.806958051149432620e+01, 1.820174042678470272e+01, 7.728721166715443402e+00, 7.782442746788627908e+00
1.803291262453445398e+01, 1.816707653797212529e+01, 7.729569412156314989e+00, 7.788966833304056259e+00
1.799444339710610308e+01, 1.813266144539720770e+01, 7.732780353271554219e+00, 7.795458657777057709e+00
1.795983453385039752e+01, 1.809761410763032430e+01, 7.733083690025130963e+00, 7.802043448672400849e+00
1.792594053320010161e+01, 1.805879461879924364e+01, 7.738879011428234200e+00, 7.807650674518312073e+00
1.788993940734101784e+01, 1.802495039260179155e+01, 7.745508617622067327e+00, 7.807641106065547731e+00
1.785563970650396470e+01, 1.798963223063623573e+01, 7.748941512845076041e+00, 7.814461546386915813e+00
1.782172206544631266e+01, 1.795554320657890557e+01, 7.754654488273703627e+00, 7.819154538881181615e+00
1.778879676811544286e+01, 1.791951298134555870e+01, 7.760735650774666539e+00, 7.825317933509584378e+00
1.775089241188321054e+01, 1.788637167603527800e+01, 7.768044601063941457e+00, 7.828623288173004902e+00
1.771811528200194630e+01, 1.785118724317312200e+01, 7.768171092309223980e+00, 7.835625628949765442e+00
1.768250323573563776e+01, 1.781841847804318135e+01, 7.775317979238023369e+00, 7.839816061510805234e+00
1.764019371270976322e+01, 1.778371829437680773e+01, 7.778338622397431124e+00, 7.847026640498384609e+00
1.760673517666114307e+01, 1.774026200077948801e+01, 7.771672033821422687e+00, 7.851024455677991121e+00
1.755836963504427928e+01, 1.770359896200481487e+01, 7.777164097193446146e+00, 7.843541756500593820e+00
1.752700675051149304e+01, 1.766934289134320224e+01, 7.761622653788520232e+00, 7.844070198568948271e+00
1.749398626726128825e+01, 1.763706131391286647e+01, 7.769478056027869783e+00, 7.848482129801132245e+00
1.745459414251783414e+01, 1.760423406973214000e+01, 7.774863601454242712e+00, 7.855364139107861021e+00
1.742373610150367114e+01, 1.756755844063988548e+01, 7.771232470300054374e+00, 7.860803928393604423e+00
1.739132394246360747e+01, 1.752806267198178602e+01, 7.779238335450851416e+00, 7.861842394856896732e+00
1.735323148221683098e+01, 1.749677460318765299e+01, 7.784957858458215973e+00, 7.858733291664703913e+00
1.732106292211410192e+01, 1.746603879502999135e+01, 7.782783922371723229e+00, 7.865746320955595117e+00
1.728883279240524118e+01, 1.742615564681463169e+01, 7.788410919928292486e+00, 7.873591946190643398e+00
1.725766722626053351e+01, 1.739508415365664007e+01, 7.793857641491294785e+00, 7.869686368392226683e+00
1.721629104190881776e+01, 1.736327947681056472e+01, 7.800564446958689224e+00, 7.876862696286013765e+00
1.718663758998708602e+01, 1.733212429516445852e+01, 7.793525397750904027e+00, 7.882284187089249272e+00
1.715665862978315204e+01, 1.730126456461327322e+01, 7.801824144635149949e+00, 7.889051254125236667e+00
1.712312407587756269e+01, 1.727158419515904342e+01, 7.809562100652494010e+00, 7.896114221606773675e+00
1.709359777815175718e+01, 1.723678743349497111e+01, 7.812494792349649053e+00, 7.904194103846939434e+00
1.706413284686885845e+01, 1.720081810519894105e+01, 7.820593984928972731e+00, 7.906260229579147314e+00
1.701313634446359657e+01, 1.716522978833499380e+01, 7.828611226875549001e+00, 7.906783200171889625e+00
1.698374813428671004e+01, 1.713551443937912566e+01, 7.808773333036247877e+00, 7.905965996074802327e+00
1.695535140970806864e+01, 1.710098454240202770e+01, 7.816303792635562075e+00, 7.913657959268219244e+00
1.690272683875245008e+01, 1.706444239851917288e+01, 7.825095763316206821e+00, 7.915731658506981461e+00
1.687495024398282695e+01, 1.703392110942442628e+01, 7.802596668149022641e+00, 7.913000772877472500e+00
1.684547364142426673e+01, 1.700570084823944939e+01, 7.811602455887133090e+00, 7.919346522954115564e+00
1.681779318902716369e+01, 1.697398901241255942e+01, 7.818218793158124846e+00, 7.928018157916997488e+00
1.678656062054768938e+01, 1.694612171891296981e+01, 7.827204466536868743e+00, 7.932773605077224843e+00
1.675837985244103479e+01, 1.691792928229700266e+01, 7.831430701735595967e+00, 7.941332286884321690e+00
1.671779137384076463e+01, 1.688624760231025590e+01, 7.839391193502481592e+00, 7.949814524818465955e+00
1.668273212133792427e+01, 1.685814412646983129e+01, 7.831754919166986184e+00, 7.952825917548864254e+00
1.665187889656137443e+01, 1.683102726647433300e+01, 7.830547910253808475e+00, 7.960293748939287539e+00
1.662495826996671155e+01, 1.680292746816394711e+01, 7.834397156496756054e+00, 7.969249776530435980e+00
1.659788060907850848e+01, 1.677500895878794651e+01, 7.843254408563113955e+00, 7.977525766642918903e+00
1.656890686475950503e+01, 1.674823145967731008e+01, 7.851781784312362511e+00, 7.985962377202404205e+00
1.654151861253324185e+01, 1.671387872761555471e+01, 7.857847262067286565e+00, 7.995019537927149145e+00
1.651365813857213638e+01, 1.668729233306428839e+01, 7.866285495508109626e+00, 7.996695189908831658e+00
1.648595143590753054e+01, 1.666071702256325793e+01, 7.873528190312572228e+00, 8.005972531360606936e+00
1.646014049772390564e+01, 1.663184028104938150e+01, 7.880846715078841491e+00, 8.015258914548953229e+00
1.642985718745713086e+01, 1.658864157574137366e+01, 7.890593660104689988e+00, 8.022406269788252331e+00
1.640358290198844671e+01, 1.656117543463149389e+01, 7.895662998003265542e+00, 8.014934185553409307e+00
1.637545218399251468e+01, 1.653541055619835376e+01, 7.904448740037518739e+00, 8.023354812901009936e+00
1.634887372914426251e+01, 1.650963105492519034e+01, 7.910968705408216728e+00, 8.032878411038254285e+00
1.631496882779475399e+01, 1.648239604243514478e+01, 7.919274908332172735e+00, 8.042422716578267128e+00
1.628789834678601522e+01, 1.645693234351146472e+01, 7.918993985149653803e+00, 8.049483093322288951e+00
1.625814197172913111e+01, 1.643116955014911085e+01, 7.926418542643316911e+00, 8.059173936508106095e+00
1.623205614226482396e+01, 1.640589201118610774e+01, 7.930711001195218657e+00, 8.067969117466567752e+00
1.620743667727569814e+01, 1.637889574163372686e+01, 7.939134219681292848e+00, 8.077723291480850776e+00
1.618279726863902468e+01, 1.635099171025703058e+01, 7.949334867517970693e+00, 8.086065418071715527e+00
1.615834505802080656e+01, 1.632381179146201688e+01, 7.959529298783148299e+00, 8.093505086263302672e+00
1.613403538730063502e+01, 1.629665684085462374e+01, 7.969742833949007732e+00, 8.101761686553095032e+00
1.610728932686313897e+01, 1.627204782198682764e+01, 7.980083797346424923e+00, 8.109958474267120465e+00
1.608167017521335040e+01, 1.624753506884303178e+01, 7.987513516725671003e+00, 8.119942412943380816e+00
1.605686292374356583e+01, 1.622203868236238833e+01, 7.996185982749221210e+00, 8.129970863596087227e+00
1.603051336335092358e+01, 1.619772034284772388e+01, 8.005631378931258979e+00, 8.139567647189425159e+00
1.600420982901475853e+01, 1.617346747880455027e+01, 8.013391534032125563e+00, 8.149574378341158720e+00
1.597987328716141953e+01, 1.614824534008604218e+01, 8.021165220077310920e+00, 8.159541913339948493e+00
1.595502162094678589e+01, 1.612413348881815978e+01, 8.030952813924864486e+00, 8.169283102404547137e+00
1.593120472521149900e+01, 1.609896202632183204e+01, 8.040171722674259058e+00, 8.179565824410790498e+00
1.590779172654902496e+01, 1.607386929223017802e+01, 8.050468529453750577e+00, 8.189267015145700768e+00
1.588072858706049928e+01, 1.604994708970758666e+01, 8.061237975472463901e+00, 8.198847384932031801e+00
1.585325445553201007e+01, 1.602630792259073544e+01, 8.068064943221406438e+00, 8.208777932178662695e+00
1.582895028976434482e+01, 1.600241978102637930e+01, 8.074302417645734309e+00, 8.219025016013125295e+00
1.580595974956408867e+01, 1.597749400016964927e+01, 8.083800739709706917e+00, 8.229527695953159139e+00
1.578247414535408311e+01, 1.594920990959010254e+01, 8.094784521368882935e+00, 8.239233714981180512e+00
1.575352939633334692e+01, 1.592534107544711475e+01, 8.105457800749519492e+00, 8.246387503238226557e+00
1.572842866519011373e+01, 1.590208827297085392e+01, 8.110279223453455089e+00, 8.255903741631128057e+00
1.570346223326574631e+01, 1.587912149597207723e+01, 8.118730452953624166e+00, 8.266764218934675057e+00
1.568101133776777978e+01, 1.585335142412334086e+01, 8.127397689226045330e+00, 8.277497443758793594e+00
1.565809624931660338e+01, 1.582972443273275509e+01, 8.138703578934151750e+00, 8.286793808969077801e+00
1.563540219846595036e+01, 1.580635881629021000e+01, 8.149368377434425881e+00, 8.297496825679436583e+00
1.560553094352170334e+01, 1.578211016091814578e+01, 8.160259589715229467e+00, 8.308293130596974052e+00
1.558022043804204060e+01, 1.575947513409443701e+01, 8.164316192816597706e+00, 8.317112018720694167e+00
1.555828142443606410e+01, 1.573547347753139825e+01, 8.172585953742327547e+00, 8.327786387403218527e+00
1.553551074774073015e+01, 1.570701998843033742e+01, 8.184152247099474309e+00, 8.338185631282923893e+00
1.550919723827465546e+01, 1.568442445036186506e+01, 8.195249967383503531e+00, 8.345614573543446824e+00
1.548654602816067971e+01, 1.566178590030908602e+01, 8.202606934083725321e+00, 8.356096217393019998e+00
1.546462302931824162e+01, 1.563864710255663759e+01, 8.213238174961512428e+00, 8.367458611855886019e+00
1.544262887727996159e+01, 1.561653303562088624e+01, 8.224594324450706040e+00, 8.378597606857091762e+00
1.542055605577603217e+01, 1.559426981919430943e+01, 8.235916683920851966e+00, 8.390077040324682045e+00
1.539925709881974214e+01, 1.557010403432917300e+01, 8.247114889553094130e+00, 8.401610697072937839e+00
1.537264819098112412e+01, 1.554780094090705767e+01, 8.259119371929738662e+00, 8.412262691541636528e+00
1.534779272981969278e+01, 1.552629698333682562e+01, 8.266351879880838638e+00, 8.422847035353019152e+00
1.532442479929223289e+01, 1.550482868188665719e+01, 8.274892448507166876e+00, 8.434598114155894777e+00
1.530331590107043738e+01, 1.548012611205433409e+01, 8.284795990295066304e+00, 8.446482688304305597e+00
1.527953757648540289e+01, 1.545886440762507341e+01, 8.297039512157196484e+00, 8.456805335226338372e+00
1.525525874288715045e+01, 1.543733909493069412e+01, 8.306679334230022249e+00, 8.468573080681897736e+00
1.523389155459647704e+01, 1.541588105325703850e+01, 8.316001716852758463e+00, 8.479931248702191837e+00
1.521263593951273485e+01, 1.539453628235512106e+01, 8.327720463375833049e+00, 8.492069338162799852e+00
1.519211500228996670e+01, 1.537239033409230160e+01, 8.339551191983439082e+00, 8.504276634132168056e+00
1.517043473176607726e+01, 1.535149632959518229e+01, 8.352103972934097342e+00, 8.516178691604654460e+00
1.514890048621831475e+01, 1.532104537562839042e+01, 8.363604123366553011e+00, 8.528542626607274357e+00
1.512596455649248561e+01, 1.530037254448828143e+01, 8.375911970403748796e+00, 8.536692374979443443e+00
1.510569897223599689e+01, 1.527578625556841452e+01, 8.386457191801170552e+00, 8.548900564972779392e+00
1.508552388287777646e+01, 1.525203474642680668e+01, 8.399425818910009056e+00, 8.560004443187752443e+00
1.506553649081101121e+01, 1.523018130881745869e+01, 8.412473696069080020e+00, 8.571451596630078384e+00
1.504566218067235184e+01, 1.520807474796550984e+01, 8.425519146852479935e+00, 8.583876980106879273e+00
1.501213054072961839e+01, 1.518253339349085707e+01, 8.438701272607959325e+00, 8.596269967744696316e+00
1.499243701602238943e+01, 1.516094409663865683e+01, 8.441926230539248621e+00, 8.604193953594821309e+00
1.496687022153112778e+01, 1.514076120872452158e+01, 8.455167280173153443e+00, 8.616962598285820008e+00
1.494667735447956325e+01, 1.512061172366556328e+01, 8.463852561476633340e+00, 8.629358346841659255e+00
1.492590432795852884e+01, 1.510075236706912527e+01, 8.476672934008096405e+00, 8.642612376732996537e+00
1.490473296540919357e+01, 1.508104842762300812e+01, 8.489068251205484472e+00, 8.655939282084556652e+00
1.488505465266120531e+01, 1.506074873988957030e+01, 8.501207693583667790e+00, 8.669278304706894644e+00
1.486478824005837573e+01, 1.503482295918084866e+01, 8.514508641204658446e+00, 8.682760849496009570e+00
1.484552942068566672e+01, 1.501445400110884165e+01, 8.527982389244872508e+00, 8.694052891526434124e+00
1.482649398557310327e+01, 1.499383312861098716e+01, 8.541702050364625265e+00, 8.707658475493657235e+00
1.480746373570789665e+01, 1.497208689739562182e+01, 8.555666985024895865e+00, 8.721242367216634150e+00
1.478828275651243374e+01, 1.494865263857670890e+01, 8.569833681854056806e+00, 8.734416768643415097e+00
1.476823006827589246e+01, 1.492944559540490168e+01, 8.584059815720255671e+00, 8.747220223283962426e+00
1.474896256431530261e+01, 1.491023582065826680e+01, 8.597363641377796739e+00, 8.761276684983151597e+00
1.472711866287779081e+01, 1.489116463920545996e+01, 8.611312928400923994e+00, 8.775403876972857731e+00
1.470680626883047992e+01, 1.487224825339446710e+01, 8.623562765537572616e+00, 8.789247986034082416e+00
1.468760206049150341e+01, 1.485334103582069076e+01, 8.636865763052160361e+00, 8.803497193627135786e+00
1.466535801848538156e+01, 1.483435963974050686e+01, 8.651009121818120207e+00, 8.817883062585600840e+00
1.464476346611529678e+01, 1.481563261224152583e+01, 8.663254190691933587e+00, 8.831854992377554225e+00
1.462355356372837356e+01, 1.479699861406131944e+01, 8.676612844092549182e+00, 8.846220170923823289e+00
1.460535669532249159e+01, 1.477596296576181523e+01, 8.689594698102451886e+00, 8.860729829964908433e+00
1.458587763170265639e+01, 1.475741743376108239e+01, 8.704725885567011545e+00, 8.875208421915893098e+00
1.456754024558233418e+01, 1.473841189748324432e+01, 8.718943300063191515e+00, 8.890143680987710795e+00
1.454956733772525368e+01, 1.471819011380987163e+01, 8.733970655060472765e+00, 8.905228708097686408e+00
1.453019889506095197e+01, 1.469990756770870988e+01, 8.749398432711744888e+00, 8.920201451378773072e+00
1.451138079710610462e+01, 1.467417145782152943e+01, 8.763978882334509279e+00, 8.935313498503369090e+00
1.448973759471259903e+01, 1.465589746321790088e+01, 8.779522267551355341e+00, 8.949405964407560532e+00
1.447163906863835692e+01, 1.463744440202921027e+01, 8.792945083460665501e+00, 8.964408516212181155e+00
1.445365914597410573e+01, 1.461931285791010460e+01, 8.808466850023179973e+00, 8.980100304368514585e+00
1.443264323004737726e+01, 1.460111341271808172e+01, 8.824177844088879397e+00, 8.995816583899406638e+00
1.441477952708601862e+01, 1.458282697833075048e+01, 8.838345105306771643e+00, 9.011096808608812125e+00
1.439719816522256579e+01, 1.456425134263141707e+01, 8.854243094868964548e+00, 9.027144772028313113e+00
1.437981742115226069e+01, 1.454512205516228285e+01, 8.870405398340594161e+00, 9.043314646457330852e+00
1.435902394734820398e+01, 1.452729873486818057e+01, 8.886805972347081806e+00, 9.059586074152914392e+00
1.433864996753384524e+01, 1.450968387061534237e+01, 8.901502186845698716e+00, 9.075461202347971934e+00
1.431698743894515324e+01, 1.449186539753442915e+01, 8.916464586497868439e+00, 9.091657180393676541e+00
1.429945264092965651e+01, 1.447378698140498976e+01, 8.930993684450138304e+00, 9.107628801352429804e+00
1.428133843087637089e+01, 1.445629038458132776e+01, 8.947573676410955912e+00, 9.124518283685544517e+00
1.426350732340877059e+01, 1.443868736164506217e+01, 8.963980889765815974e+00, 9.141402004665838632e+00
1.424571451214131734e+01, 1.442132053376501410e+01, 8.980616684265118721e+00, 9.158499823836375953e+00
1.422612402042772750e+01, 1.440396726574234876e+01, 8.997417408507525138e+00, 9.175623710712764947e+00
1.420765282300776278e+01, 1.437919729491722265e+01, 9.013587760176367425e+00, 9.192498171085317082e+00
1.419059582688512400e+01, 1.436128987545905744e+01, 9.031005705029507169e+00, 9.209232689583229714e+00
1.416767847571467165e+01, 1.434276741295304269e+01, 9.048449839495122049e+00, 9.227046019903360374e+00
1.415042923586808854e+01, 1.432533557402694946e+01, 9.063871187424322073e+00, 9.243477024782825069e+00
1.413390380904019317e+01, 1.430730444308980331e+01, 9.081434247576053664e+00, 9.261554400515946028e+00
1.411738325944788208e+01, 1.428932215427170149e+01, 9.099526029110728942e+00, 9.279737384811115319e+00
1.410089628577408938e+01, 1.427151811061145814e+01, 9.117722559820753858e+00, 9.298130124341779990e+00
1.408137595326375191e+01, 1.425466557703036052e+01, 9.136055733340906926e+00, 9.316670262559691551e+00
1.406340901189559212e+01, 1.423801379168913961e+01, 9.153385095784978276e+00, 9.334679136198138494e+00
1.404722019907651642e+01, 1.421894700208883044e+01, 9.171343712232927103e+00, 9.353271010483414472e+00
1.402731190837768516e+01, 1.420224355682347017e+01, 9.190241391040022023e+00, 9.372484171399186437e+00
1.401099302715012485e+01, 1.418464742538332501e+01, 9.207909374293260285e+00, 9.390912746916454168e+00
1.399453672049822117e+01, 1.416792676277916030e+01, 9.226913634934090780e+00, 9.410393683236046414e+00
1.397742515064087776e+01, 1.415152610620972418e+01, 9.246032462571776023e+00, 9.429763775720299890e+00
1.395998638416180171e+01, 1.413521734653004458e+01, 9.265060967767125177e+00, 9.449182092051286119e+00
1.394408948172093332e+01, 1.411767216032944638e+01, 9.284132002057384980e+00, 9.468726706579246866e+00
1.392755420296503388e+01, 1.410118368873615680e+01, 9.303922322685220792e+00, 9.488814905473109462e+00
1.391151281045982735e+01, 1.408470781760816237e+01, 9.323583872629638947e+00, 9.508904381296506614e+00
1.389534233688362264e+01, 1.406525013383633649e+01, 9.343606298115648912e+00, 9.529107088954285487e+00
1.387824225133507028e+01, 1.404907651449213546e+01, 9.364063408438791924e+00, 9.549747646539591628e+00
1.385996879359829315e+01, 1.403287425602141703e+01, 9.384003029443073629e+00, 9.570348590509533793e+00
1.384443712465592036e+01, 1.401387069799335450e+01, 9.404006170639664930e+00, 9.590541647069366959e+00
1.382854589903106657e+01, 1.399779647149035888e+01, 9.424929107503968950e+00, 9.612251493248137990e+00
1.380641410854440210e+01, 1.398037333526284343e+01, 9.445808821287817736e+00, 9.633352747184499520e+00
1.379082387729120107e+01, 1.396413913905487370e+01, 9.465734872807029632e+00, 9.653487256530855376e+00
1.377401163390270789e+01, 1.394849212981210407e+01, 9.487031320617127506e+00, 9.675101818056772274e+00
1.375737855697721557e+01, 1.393290273223734133e+01, 9.508221621593193618e+00, 9.696585850104471049e+00
1.373847065023520031e+01, 1.391715807840613195e+01, 9.529668885925582700e+00, 9.718219952893873526e+00
1.372330386445651662e+01, 1.389875832143076373e+01, 9.550926157328389010e+00, 9.739745497452188872e+00
1.370036448836862597e+01, 1.388153044651090617e+01, 9.573180096999326594e+00, 9.762767788598468499e+00
1.368537580764209416e+01, 1.386391529931431066e+01, 9.594542924580848009e+00, 9.784099545469853609e+00
1.366975899370196679e+01, 1.384846833878341776e+01, 9.617165545184102271e+00, 9.807393645225204182e+00
1.365370927285115776e+01, 1.383322423738052365e+01, 9.639761626932862981e+00, 9.830265081874030031e+00
1.363741295114650320e+01, 1.381801872303251599e+01, 9.662517852388084805e+00, 9.853182101631022149e+00
1.362239810619189839e+01, 1.379983566365682179e+01, 9.685493844195390167e+00, 9.876189946262071473e+00
1.360560635909074101e+01, 1.378475321928416264e+01, 9.709021470427435574e+00, 9.900463552071855133e+00
1.359084694785669178e+01, 1.376876378982654003e+01, 9.732287881401390450e+00, 9.924035516990798556e+00
1.357276312486292014e+01, 1.375344559888914731e+01, 9.756055464627205964e+00, 9.948333819302845882e+00
1.355795051603537971e+01, 1.373796053442349319e+01, 9.779831670713866387e+00, 9.971987902053392361e+00
1.354201560502069768e+01, 1.371648816156882944e+01, 9.803999680809301509e+00, 9.996583439500719592e+00
1.352328601339893588e+01, 1.370091535605636324e+01, 9.828904497929336515e+00, 1.002297101664998813e+01
1.350622620184361722e+01, 1.368610251399223898e+01, 9.853484938703521934e+00, 1.004723022913603003e+01
1.349100252314107173e+01, 1.367129545928322720e+01, 9.878265000510763727e+00, 1.007195137420009345e+01
1.347302732618049959e+01, 1.365599681407946164e+01, 9.903305684535020248e+00, 1.009726840509572199e+01
1.345876384220240318e+01, 1.364000719466350020e+01, 9.928741615307163926e+00, 1.012233860884091463e+01
1.344450218227674121e+01, 1.362446903376443075e+01, 9.954329515884241530e+00, 1.014876602819159501e+01
1.343018670476576482e+01, 1.360923847899438144e+01, 9.980145664829491281e+00, 1.017525925177073987e+01
1.341589834785622593e+01, 1.359434264328409725e+01, 1.000618377642826928e+01, 1.020189624771345471e+01
1.340180224766950268e+01, 1.357821537214032581e+01, 1.003247650830491366e+01, 1.022859725688291554e+01
1.338719871486547142e+01, 1.356361621491536518e+01, 1.005913756224380862e+01, 1.025604546468128397e+01
1.337309698925758461e+01, 1.354632485929762353e+01, 1.008589666245413063e+01, 1.028317912171934800e+01
1.335691346980391003e+01, 1.353206350255556956e+01, 1.011314078995229693e+01, 1.031179279461163922e+01
1.334305009047461077e+01, 1.351603459569251164e+01, 1.014049587744842462e+01, 1.033907691923807981e+01
1.332913851025787366e+01, 1.350045571226756991e+01, 1.016810429023734308e+01, 1.036785062530669244e+01
1.331528857740991967e+01, 1.348406980705324010e+01, 1.019590455113358729e+01, 1.039680031407844218e+01
1.330095138520209197e+01, 1.346991367234980252e+01, 1.022414611283730679e+01, 1.042629128192564103e+01
1.328662487586278829e+01, 1.345573908997878476e+01, 1.025250372020773959e+01, 1.045486121839506133e+01
1.327178934087637074e+01, 1.344173994878612888e+01, 1.028111458991034333e+01, 1.048377732300770759e+01
1.325735253253835744e+01, 1.342771174526717992e+01, 1.031005258128692859e+01, 1.051279856299586868e+01
1.324210218900686442e+01, 1.341380193545387911e+01, 1.033923249108198839e+01, 1.054220369308119665e+01
1.322641180676046169e+01, 1.339986590048170356e+01, 1.036877284243753827e+01, 1.057177065850692443e+01
1.320891829675590046e+01, 1.338545876154554470e+01, 1.039876930905584906e+01, 1.060145514205476225e+01
1.319549858600980308e+01, 1.337012803146742002e+01, 1.042949998675505441e+01, 1.063135398784119445e+01
1.318031597527580345e+01, 1.335638452316178793e+01, 1.045981042959805052e+01, 1.066286273226914361e+01
1.316545366925892502e+01, 1.334268753200587199e+01, 1.049066733599556045e+01, 1.069347029725330600e+01
1.315199516400719659e+01, 1.332837955041289746e+01, 1.052171509509997982e+01, 1.072453542328153908e+01
1.313830410392735537e+01, 1.331439396352649140e+01, 1.055284302768751914e+01, 1.075642967938168404e+01
1.312478104180886262e+01, 1.330035647973676838e+01, 1.058429111853496529e+01, 1.078845221016615952e+01
1.310945384417942527e+01, 1.328683121205815709e+01, 1.061602413063297412e+01, 1.082084106424868075e+01
1.309414733631920669e+01, 1.327333051011862253e+01, 1.064849923783724606e+01, 1.085297772199263378e+01
1.307773455852228750e+01, 1.325955287581605901e+01, 1.068134254738487243e+01, 1.088540642318312557e+01
1.306424445562693748e+01, 1.324603899214760894e+01, 1.071495180485934817e+01, 1.091811114368899815e+01
1.305051652622562841e+01, 1.323248374337361710e+01, 1.074797956070729654e+01, 1.095142731490988552e+01
1.303515186055369846e+01, 1.321896843003437105e+01, 1.078136806414820725e+01, 1.098517348035405305e+01
1.301954459752145965e+01, 1.320558546912653064e+01, 1.081573276168085407e+01, 1.101888662468162394e+01
1.300389925839859018e+01, 1.319200668029653478e+01, 1.085052498755149841e+01, 1.105291545975582146e+01
1.299096568554663023e+01, 1.317798874802758746e+01, 1.088578254707712745e+01, 1.108734848949837648e+01
1.297804791051514073e+01, 1.316420605319692960e+01, 1.092030372145575079e+01, 1.112286257920486499e+01
1.296360834263449746e+01, 1.315110786430938639e+01, 1.095516104718871020e+01, 1.115856565132949818e+01
1.294846309171562737e+01, 1.313793410722668398e+01, 1.099096280494996591e+01, 1.119399850972006050e+01
1.293573132439697915e+01, 1.312363988159924588e+01, 1.102747968461296502e+01, 1.122974631796160061e+01
1.292274998117311924e+01, 1.310996240855935469e+01, 1.106330884812836679e+01, 1.126698373804214626e+01
1.291008327428694891e+01, 1.309481676526137583e+01, 1.109956215466504581e+01, 1.130417672441625143e+01
1.289388558837534227e+01, 1.308134143392381077e+01, 1.113617735151527910e+01, 1.134275944679139414e+01
1.288094475776904702e+01, 1.306800803717407611e+01, 1.117480198262844659e+01, 1.138004139833595119e+01
1.286836322652756870e+01, 1.305455363516805711e+01, 1.121214275984932662e+01, 1.141812553428317045e+01
1.285210376685613554e+01, 1.304117238604253792e+01, 1.124971777792493910e+01, 1.145665955187887519e+01
1.283971731168653641e+01, 1.302649716716830497e+01, 1.128964450840213019e+01, 1.149506999408525054e+01
1.282719482139910383e+01, 1.301164049386555455e+01, 1.132792634485573302e+01, 1.153539926829879647e+01
1.281227940307209501e+01, 1.299872965120757939e+01, 1.136674510775824842e+01, 1.157620442045544173e+01
1.279885004299288909e+01, 1.298613128538301531e+01, 1.140716023054118722e+01, 1.161561073359107787e+01
1.278633716413786736e+01, 1.297317617789657440e+01, 1.144711184630197387e+01, 1.165537750198887146e+01
1.277307190860557107e+01, 1.296061073133052410e+01, 1.148693798023777646e+01, 1.169595073553688813e+01
1.275765943556121407e+01, 1.294777929512761183e+01, 1.152758124112994764e+01, 1.173654665903218053e+01
1.274449693622018920e+01, 1.293527405337295200e+01, 1.157003088543847724e+01, 1.177753520665154774e+01
1.273212655923244441e+01, 1.292258725388018803e+01, 1.161145414355792127e+01, 1.181892827809350166e+01
1.271970428419571242e+01, 1.290988411922900880e+01, 1.165280523819041036e+01, 1.186091841892839227e+01
1.270347223845899975e+01, 1.289686894070961642e+01, 1.169458470923330928e+01, 1.190336282146003022e+01
1.269088917883817125e+01, 1.288445656219719559e+01, 1.173946191601416267e+01, 1.194617064634409331e+01
1.267866712390016382e+01, 1.287163122627417522e+01, 1.178220314126720503e+01, 1.198919807682568184e+01
1.266631603155073194e+01, 1.285908537959603670e+01, 1.182510343105584383e+01, 1.203307099761163101e+01
1.265334661068068201e+01, 1.284687185675412735e+01, 1.186851427070953591e+01, 1.207711486721138527e+01
1.263763809207775068e+01, 1.283425695481184192e+01, 1.191281663667586876e+01, 1.212123829046013057e+01
1.262477382265244330e+01, 1.282205170510008685e+01, 1.195972677264897222e+01, 1.216600871405246664e+01
1.261230515850334832e+01, 1.280989006055319734e+01, 1.200485751344291607e+01, 1.221105210690202370e+01
1.260052566748376357e+01, 1.279717010651941322e+01, 1.205012966140054687e+01, 1.225649387766600285e+01
1.258859956995975260e+01, 1.278483515263979875e+01, 1.209529261434107106e+01, 1.230293049723128718e+01
1.257555469359383693e+01, 1.277284067645736343e+01, 1.214100733372266738e+01, 1.234945776806063833e+01
1.256296520945902273e+01, 1.276086801786323122e+01, 1.218810787001579321e+01, 1.239607978067369309e+01
1.254798414112913640e+01, 1.274877626523545615e+01, 1.223528686819684275e+01, 1.244315698852681962e+01
1.253623567979634146e+01, 1.273627073261264186e+01, 1.228508054558839646e+01, 1.249076929217587306e+01
1.251941636399305224e+01, 1.272340200418658895e+01, 1.233244649022445749e+01, 1.253933421681656135e+01
1.250784214658110649e+01, 1.271096519466052932e+01, 1.238508213885342002e+01, 1.258864201020712414e+01
1.249510983769185124e+01, 1.269918969163334488e+01, 1.243322553835420941e+01, 1.263809457097010913e+01
1.248296972414090789e+01, 1.268736640727097509e+01, 1.248296972414090789e+01, 1.268736640727097509e+01
