# p2_filt_x, p2_filt_y, p2_smoothed_x, p2_smoothed_y
1.000000000000000000e+02, 1.000000000000000000e+02, nan, nan
8.200181188373898067e+01, 8.210448357217951809e+01, nan, nan
9.665546410889196238e+01, 9.780650152742379078e+01, nan, nan
1.005612137998969757e+02, 1.002013701352441757e+02, nan, nan
9.811196959185446076e+01, 9.774637734442765691e+01, nan, nan
9.438346938260315255e+01, 9.320700398532700603e+01, 1.667258666933721756e+01, 2.068818504249885137e+01
9.028707886947178451e+01, 8.884271342870059129e+01, 2.518722682082363917e+01, 2.445240328114996942e+01
8.558834418171996106e+01, 8.511151453189400229e+01, 2.776920562392104941e+01, 2.495892730935769777e+01
8.107220843673066213e+01, 8.176657021266402126e+01, 2.715880165468885110e+01, 2.611672017246289101e+01
7.806545463284670916e+01, 7.839388874925801076e+01, 2.397792066932528243e+01, 2.655638506232835283e+01
7.535905951250043699e+01, 7.510964866469034007e+01, 2.398572321351221959e+01, 2.607118460861905973e+01
7.291202523266879609e+01, 7.250281512062996114e+01, 2.403671296577728356e+01, 2.500401010873040519e+01
7.069322039098584298e+01, 6.998376947380521074e+01, 2.378357255934115955e+01, 2.451665355153535941e+01
6.867872797550612063e+01, 6.758297605969582378e+01, 2.363624320447688376e+01, 2.359963036355690491e+01
6.683558022760935557e+01, 6.552746377610978357e+01, 2.337486026785006743e+01, 2.222404214844534565e+01
6.486294176771619391e+01, 6.385883564328753437e+01, 2.310049668605873663e+01, 2.087810211287449391e+01
6.314123610652283247e+01, 6.231706732826268080e+01, 2.272915657091182950e+01, 2.049106221483755874e+01
6.156388868528073743e+01, 6.088147693098140678e+01, 2.238863253710451318e+01, 2.024223764651145174e+01
5.954246341653070118e+01, 5.941485383356009464e+01, 2.216655894602380528e+01, 1.996802832123571747e+01
5.823517067650281831e+01, 5.822148308692561613e+01, 2.118472483318298671e+01, 1.991296555330846019e+01
5.582328526740215580e+01, 5.648827967690815655e+01, 2.106825593286477982e+01, 1.991708114458015189e+01
5.480686636250207044e+01, 5.555798960878345838e+01, 1.819093869119547691e+01, 1.856321299357790977e+01
5.373830800242469508e+01, 5.401886888749833560e+01, 1.790707785506722161e+01, 1.870037470435451965e+01
5.291416299789430155e+01, 5.318402093009628118e+01, 1.742184715448846433e+01, 1.718116593006538295e+01
5.210447446299031071e+01, 5.236592030650494678e+01, 1.740241931388942120e+01, 1.717051967938376222e+01
5.124093813564638111e+01, 5.159876538087701192e+01, 1.735982048542658518e+01, 1.712733277413751054e+01
5.046209368562705322e+01, 5.056000660549560166e+01, 1.713639485221479930e+01, 1.716326077340912803e+01
4.973782136301791468e+01, 4.984384419359014373e+01, 1.694086121383110211e+01, 1.630358019058625629e+01
4.902924498595216818e+01, 4.914860144261040631e+01, 1.689175585162620408e+01, 1.622728636782469636e+01
4.836477568021339835e+01, 4.837699759652604570e+01, 1.684045949786541030e+01, 1.614451738747591847e+01
4.741518101301556953e+01, 4.764518798557863732e+01, 1.673509970152861115e+01, 1.570066611986694838e+01
4.682759009753933555e+01, 4.701722366439043554e+01, 1.612824683818126204e+01, 1.556915585245719136e+01
4.616334123330702255e+01, 4.644015711492359344e+01, 1.610319862469301810e+01, 1.544036072124341885e+01
4.554720039455641967e+01, 4.588530557092069273e+01, 1.594605681389207597e+01, 1.546744507103643329e+01
4.498188436422805836e+01, 4.514847522247844580e+01, 1.583301845384709772e+01, 1.549813809206968251e+01
4.396777195903030844e+01, 4.443986159804857294e+01, 1.566275289230527967e+01, 1.490658008017111413e+01
4.345696085233635841e+01, 4.397604466255027234e+01, 1.464735554348124147e+01, 1.452095572960303826e+01
4.274657677571808989e+01, 4.285886869604638605e+01, 1.455864742311573679e+01, 1.456577951039748875e+01
4.234546362121680119e+01, 4.243290125206680585e+01, 1.363029701770783575e+01, 1.250792234832788985e+01
4.171478338575922606e+01, 4.199111993469009718e+01, 1.364113041792636771e+01, 1.232440895083201049e+01
4.129108037919631613e+01, 4.161107512657800100e+01, 1.333306902641893821e+01, 1.237003598634902524e+01
4.078709041770083843e+01, 4.120723847284995855e+01, 1.327382473134033702e+01, 1.241045209855928100e+01
4.035861846024276645e+01, 4.084101539324350227e+01, 1.303101442342609673e+01, 1.241506418913188270e+01
3.991598547477516945e+01, 4.047654316938366037e+01, 1.290361946141755034e+01, 1.245067708715306409e+01
3.957604335821099539e+01, 4.007581790475796168e+01, 1.270945556948209543e+01, 1.247211935148566830e+01
3.924479828457242547e+01, 3.968453652893488481e+01, 1.267488618155820035e+01, 1.228306605748732849e+01
3.891774210192971850e+01, 3.931216342579031675e+01, 1.265656908802563763e+01, 1.204124819194383278e+01
3.847660914468125526e+01, 3.894846757073965193e+01, 1.260943018064794963e+01, 1.184883511973640324e+01
3.814112544627980128e+01, 3.863250956376503353e+01, 1.235576869896069674e+01, 1.180977768650088144e+01
3.783776965710357132e+01, 3.830688025137452257e+01, 1.230466826309831951e+01, 1.179551681354200987e+01
3.750542044977773770e+01, 3.800214444457585472e+01, 1.227567119685731889e+01, 1.171080218482324753e+01
3.721025479644897160e+01, 3.764839790001565945e+01, 1.220508787197349498e+01, 1.170895241823127009e+01
3.688220483025620666e+01, 3.724406588237615523e+01, 1.214243217213272352e+01, 1.145226652758029040e+01
3.660616281155468243e+01, 3.694622038089906368e+01, 1.192791667777994036e+01, 1.098799837193147155e+01
3.629232825363180837e+01, 3.666736881788018110e+01, 1.188722782314635751e+01, 1.084867659670372753e+01
3.602363069459485700e+01, 3.638845539616710312e+01, 1.181373495927382145e+01, 1.084155847124971750e+01
3.573174960927824628e+01, 3.612152840561488887e+01, 1.177590447409258267e+01, 1.075064232348705140e+01
3.547360055022139846e+01, 3.582044909808221433e+01, 1.172537317578964533e+01, 1.072757995895677929e+01
3.516807298148216177e+01, 3.555901716423780812e+01, 1.164293648914079782e+01, 1.047706907718832703e+01
3.484290975011222713e+01, 3.529364812899629555e+01, 1.156290659152107203e+01, 1.047550644587862934e+01
3.459386264306940717e+01, 3.504546759476536266e+01, 1.143821746730592714e+01, 1.047965303996468478e+01
3.429223713154244990e+01, 3.478527328185912637e+01, 1.140974939409005806e+01, 1.041144395316283422e+01
3.405178039885669250e+01, 3.454937734630717472e+01, 1.127584710163985449e+01, 1.039313837760787251e+01
3.382221602148626260e+01, 3.427038736842586530e+01, 1.124358503729088987e+01, 1.035091384197900588e+01
3.359838793552006564e+01, 3.403349829678715821e+01, 1.115159380309843051e+01, 1.007671351785994318e+01
3.335004019157022270e+01, 3.381053777412251549e+01, 1.112648340612858888e+01, 9.939016278814685634e+00
3.313435262879676202e+01, 3.355799899110738949e+01, 1.108088390083790387e+01, 9.931353163401606565e+00
3.284943611818577125e+01, 3.333008346593243232e+01, 1.099269062772868999e+01, 9.697097577613709163e+00
3.264455058045271585e+01, 3.308769678603143660e+01, 1.089980835975065077e+01, 9.715745544854804905e+00
3.239351818830834162e+01, 3.287039783284510719e+01, 1.081648456775226919e+01, 9.471905741585281646e+00
3.220043294248606003e+01, 3.265701869184745476e+01, 1.072824692473452046e+01, 9.468047213006414609e+00
3.198488755925309590e+01, 3.246096115150983508e+01, 1.067896736755053766e+01, 9.328983393051853312e+00
3.175327557671725387e+01, 3.226395243887401421e+01, 1.065082392399011901e+01, 9.311646148172163961e+00
3.147348127175668253e+01, 3.203538296494497217e+01, 1.060672856932991159e+01, 9.321763084062386184e+00
3.124587558319158731e+01, 3.184217630666180554e+01, 1.044801822430624938e+01, 9.290057414897589183e+00
3.096798791981551346e+01, 3.161964952492322212e+01, 1.037613989395017278e+01, 9.300982519779097402e+00
3.079730625766647023e+01, 3.143962926944457692e+01, 1.019598522660746731e+01, 9.260924636683396827e+00
3.062051693471143921e+01, 3.126795567199236814e+01, 1.018133265597497150e+01, 9.192685548467451895e+00
3.040990258734524687e+01, 3.109491837380419454e+01, 1.016425784975134938e+01, 9.173077639712083453e+00
3.025021667901030042e+01, 3.091546469900657002e+01, 1.011840925799113400e+01, 9.195766710553467504e+00
3.006894199172025139e+01, 3.075151012531645023e+01, 1.008489400909163436e+01, 9.107345245881020901e+00
2.978180567313996718e+01, 3.052939590382496249e+01, 1.006267705387168476e+01, 9.110849336885205929e+00
2.962580953443513465e+01, 3.037196687878652313e+01, 9.835178394153837544e+00, 9.043953904050633597e+00
2.947521891559339835e+01, 3.021514486072614858e+01, 9.825537120320488427e+00, 9.016565619345437099e+00
2.933005688900818697e+01, 3.005539177343413471e+01, 9.813769101218502655e+00, 8.982044185132149750e+00
2.910522401721863872e+01, 2.987957081429199491e+01, 9.793763742954528340e+00, 8.923553197896222144e+00
2.895632119899206458e+01, 2.973294718086721034e+01, 9.670387122062765073e+00, 8.920328781158444187e+00
2.877543774433261348e+01, 2.957936866264181575e+01, 9.658946745437752668e+00, 8.908536162681219395e+00
2.862679200819440339e+01, 2.943679594236083119e+01, 9.593769363835644270e+00, 8.919905530551789141e+00
2.849378028581479683e+01, 2.928110656720778238e+01, 9.567325991438799804e+00, 8.928473880176774458e+00
2.835559719168537995e+01, 2.914066516133655682e+01, 9.549031303241175550e+00, 8.839700708132342655e+00
2.822477943369112907e+01, 2.899896400913318573e+01, 9.541256960037683754e+00, 8.814285748239326423e+00
2.806854120420024046e+01, 2.886019125154289355e+01, 9.527463859794440992e+00, 8.776660270924711682e+00
2.793176789006266603e+01, 2.872657742146317617e+01, 9.489125861985620247e+00, 8.786111743911698468e+00
2.778938929316501216e+01, 2.859460906424380511e+01, 9.479154079198570670e+00, 8.776070508613608823e+00
2.766178012855479551e+01, 2.846061755711480856e+01, 9.459679493263065453e+00, 8.781298043218706439e+00
2.753063852564501346e+01, 2.833144482187786295e+01, 9.454350668869707874e+00, 8.745251445075769681e+00
2.735675546334735131e+01, 2.818776979164383789e+01, 9.446577243831379533e+00, 8.733835737689027212e+00
2.713099349904023327e+01, 2.801743214044297403e+01, 9.369560958806042450e+00, 8.731362520590586485e+00
2.700389317339546835e+01, 2.789686961114724539e+01, 9.195473587173424335e+00, 8.682918191461983071e+00
2.688579982267771484e+01, 2.777550086610707325e+01, 9.179769694936963376e+00, 8.691312903893578579e+00
2.676781495159587365e+01, 2.765626524001695330e+01, 9.176579310092325414e+00, 8.675409889863649582e+00
2.663707333055504023e+01, 2.753787087401552824e+01, 9.172383754984739568e+00, 8.665351646638319139e+00
2.650162729275002960e+01, 2.741891084545663304e+01, 9.148220806040043840e+00, 8.676614523765419307e+00
2.639176306945141803e+01, 2.729910471850281084e+01, 9.114310714308391681e+00, 8.688051630629631816e+00
2.626573666488145875e+01, 2.718451455098912106e+01, 9.114229708221639470e+00, 8.652326644713777881e+00
2.615089090814612049e+01, 2.707314461172405018e+01, 9.090568227821799852e+00, 8.663262493162473987e+00
2.604349983255116641e+01, 2.696243197642546718e+01, 9.083359074537906253e+00, 8.665911768583510977e+00
2.590302258076784270e+01, 2.684632552959594776e+01, 9.078592222594656036e+00, 8.664436096698196366e+00
2.579210553824385244e+01, 2.673756454593587151e+01, 9.031698222823052902e+00, 8.674443419409845646e+00
2.567541846912349612e+01, 2.662962646574989733e+01, 9.031447210017665483e+00, 8.664946997265364104e+00
2.557281778451542920e+01, 2.652329939746365284e+01, 9.012409462229786783e+00, 8.675782577809950880e+00
2.546376874277672897e+01, 2.641919170459559396e+01, 9.011192722984068482e+00, 8.670880031766721174e+00
2.536744085477166166e+01, 2.630210515905994839e+01, 9.004552560451509535e+00, 8.676891379740487409e+00
2.523065208093789735e+01, 2.618458353871944766e+01, 9.001978867443682475e+00, 8.611574345053492507e+00
2.509539989679897332e+01, 2.607262851901629830e+01, 8.941488533459370558e+00, 8.604585600065963291e+00
2.496286435581609098e+01, 2.596508155020009312e+01, 8.885904335381040298e+00, 8.607227704842021154e+00
2.487262068468558951e+01, 2.585547738658557293e+01, 8.834301622164110412e+00, 8.615430391196891691e+00
2.477339605093919417e+01, 2.575907001454578094e+01, 8.836283329773577222e+00, 8.560767083097523766e+00
2.468524316650378125e+01, 2.565463490021414472e+01, 8.827628301155630908e+00, 8.571344975882784212e+00
2.458000036546305012e+01, 2.555806971650095605e+01, 8.826558330797361407e+00, 8.533824448568017473e+00
2.449095877071796323e+01, 2.546487267125378651e+01, 8.808446344926686322e+00, 8.544630544007587147e+00
2.440198213134728888e+01, 2.537159674640439988e+01, 8.809606700741506202e+00, 8.547315292069757930e+00
2.423766218717512899e+01, 2.524489740218037426e+01, 8.812890333435181134e+00, 8.543356615379343211e+00
2.414013803089967070e+01, 2.515530510177503132e+01, 8.693102563766629487e+00, 8.507028438174948803e+00
2.405848469799127543e+01, 2.505364816797632344e+01, 8.681390619460682245e+00, 8.519706887868473189e+00
2.397313650556889542e+01, 2.494231255231567346e+01, 8.678559571896530045e+00, 8.474589169176928394e+00
2.389252488898230453e+01, 2.483618938749277305e+01, 8.658307134497251312e+00, 8.397946320222947847e+00
2.380486697902301430e+01, 2.475167624063112370e+01, 8.648091214717274156e+00, 8.322680860094095578e+00
2.372137718805423034e+01, 2.466794470777495363e+01, 8.647070028674486153e+00, 8.331249455285213656e+00
2.364441005998178369e+01, 2.457742962955788002e+01, 8.649404132599093131e+00, 8.336524117874668960e+00
2.353779520132725978e+01, 2.449080993191046574e+01, 8.648237683661482933e+00, 8.310478844480941873e+00
2.345692570038604430e+01, 2.440905076227596737e+01, 8.627149794136954597e+00, 8.324470652368802348e+00
2.335080587356108950e+01, 2.432457300801038613e+01, 8.633309754516510282e+00, 8.324558100947671235e+00
2.327567726534180892e+01, 2.424431564781772863e+01, 8.614356357031416778e+00, 8.340956151280648712e+00
2.311940724395010704e+01, 2.412485945564337086e+01, 8.619736689463810109e+00, 8.343178517313075915e+00
2.302429021517070495e+01, 2.404044012616720849e+01, 8.505183762689766169e+00, 8.302367777098300650e+00
2.288268951576160148e+01, 2.393314040317599378e+01, 8.480153563530505423e+00, 8.307627433265755812e+00
2.281300646703492419e+01, 2.385846895108660703e+01, 8.380970974043815858e+00, 8.279429611063118699e+00
2.272089056738172985e+01, 2.378061316004367498e+01, 8.388967405878069883e+00, 8.284907716638935327e+00
2.265405413549195757e+01, 2.370261410267818647e+01, 8.367784955450849438e+00, 8.296884559088491429e+00
2.257809328597928911e+01, 2.363045477526068083e+01, 8.377228755994540421e+00, 8.284072607373023089e+00
2.251165215859289859e+01, 2.355496049715939932e+01, 8.382476920605569148e+00, 8.291961986944507146e+00
2.241865544591899706e+01, 2.347465861134788767e+01, 8.392546318407445582e+00, 8.282868480636194519e+00
2.231420707076410181e+01, 2.338624731288504321e+01, 8.363823212560465237e+00, 8.286783646173752516e+00
2.223175208252077795e+01, 2.331380307938002971e+01, 8.312052393722144217e+00, 8.274614760715568451e+00
2.216567077170731892e+01, 2.324368041648712335e+01, 8.297891898551638334e+00, 8.286540311064184650e+00
2.208739562231600928e+01, 2.317305756095241520e+01, 8.308293746303782257e+00, 8.286732709549948339e+00
2.201573373474616702e+01, 2.310518091083010361e+01, 8.298477165769398312e+00, 8.298970699383126259e+00
2.195166846009598416e+01, 2.303829130166097983e+01, 8.297693909725065708e+00, 8.312421223549748106e+00
2.189138845977107195e+01, 2.296466723382158648e+01, 8.306230761436165011e+00, 8.321803917443947540e+00
2.176699614449491094e+01, 2.287247329625113323e+01, 8.314774886587224856e+00, 8.307441365879798312e+00
2.168445255140100514e+01, 2.280246330592582993e+01, 8.231513281161433326e+00, 8.287399555393781370e+00
2.157637298826926298e+01, 2.271656685353072902e+01, 8.210041853601461881e+00, 8.296165536828180365e+00
2.150816557565896758e+01, 2.265230852177299781e+01, 8.141979682940654328e+00, 8.277219961945414539e+00
2.145228903515326735e+01, 2.258198528242919068e+01, 8.137297447105410697e+00, 8.289352606918308553e+00
2.139520916508120152e+01, 2.251892394023974120e+01, 8.148499696565776773e+00, 8.275621313637438803e+00
2.133910536822235926e+01, 2.245476483813442314e+01, 8.160001688748350190e+00, 8.280846594240070857e+00
2.128265799762257160e+01, 2.239279616287665675e+01, 8.172184013015151294e+00, 8.281001223160417979e+00
2.122127141919038351e+01, 2.233229999430387380e+01, 8.183662961386405144e+00, 8.286964854656199364e+00
2.115939308643981320e+01, 2.227231186109471750e+01, 8.188339043290282504e+00, 8.299742900800984202e+00
2.108325613680934651e+01, 2.220733074272030549e+01, 8.192814271998592801e+00, 8.312440884736517432e+00
2.101122550402629230e+01, 2.214255630512714035e+01, 8.175136814782437256e+00, 8.320293378970262665e+00
2.092093986743075362e+01, 2.207116291440668832e+01, 8.160607421394892924e+00, 8.326096542201733897e+00
2.085473763194469754e+01, 2.201067159763177372e+01, 8.117864208859625563e+00, 8.322210482070843796e+00
2.079585785832513878e+01, 2.195334163243848380e+01, 8.110299804780984445e+00, 8.332094225199204729e+00
2.073690654774934572e+01, 2.189660364894269051e+01, 8.113682801539544798e+00, 8.345040555871262811e+00
2.068253371436561494e+01, 2.183963654083814276e+01, 8.117169912048424862e+00, 8.358040115770876355e+00
2.062590831051133833e+01, 2.178369243608550931e+01, 8.127185034416731568e+00, 8.367317283001968420e+00
2.055791176247886654e+01, 2.172476300775490543e+01, 8.133273469082576312e+00, 8.379868690034847134e+00
2.049753624271407304e+01, 2.166847035626553364e+01, 8.121712305432232881e+00, 8.389440177117363007e+00
2.042783592845622920e+01, 2.160997955980474927e+01, 8.120521988609993969e+00, 8.401408748495136081e+00
2.037769326844675177e+01, 2.155429707424518071e+01, 8.105038957087472795e+00, 8.410282699445717824e+00
2.027258507615522731e+01, 2.147380277552712613e+01, 8.117454899565000659e+00, 8.418388316145613004e+00
2.021410287752135915e+01, 2.141970737368706068e+01, 8.041567020854039072e+00, 8.389869268564366322e+00
2.016441860809511866e+01, 2.134482242697085752e+01, 8.038944233919217197e+00, 8.401444715308016953e+00
2.010827147198948239e+01, 2.129237860225115497e+01, 8.044954768517222021e+00, 8.367071356589612208e+00
2.003997185053770025e+01, 2.123322278490417503e+01, 8.045730946975327313e+00, 8.379631640869781961e+00
1.999389378680250928e+01, 2.117801543241807494e+01, 8.025785875722068141e+00, 8.381361073147134633e+00
1.994779216794685794e+01, 2.112533541414238414e+01, 8.039863015258509549e+00, 8.383681341973060697e+00
1.987995728320449729e+01, 2.106796584052726473e+01, 8.053559965602351767e+00, 8.390930526414619450e+00
1.982807152509169413e+01, 2.101775495610891653e+01, 8.033978609420797667e+00, 8.394159585815266666e+00
1.977218419918574810e+01, 2.096549933616203631e+01, 8.038308814270441971e+00, 8.406737225995922103e+00
1.970166907338555617e+01, 2.090913716527092348e+01, 8.035589246996918789e+00, 8.415904790171051530e+00
1.965219375461675000e+01, 2.086044105375706792e+01, 8.010132459924381720e+00, 8.418581496358390481e+00
1.958842236220559130e+01, 2.080556873810431995e+01, 8.016211644637554201e+00, 8.431366057670453884e+00
1.954582930506935057e+01, 2.074674645210399504e+01, 7.999007040931401136e+00, 8.434388811923284379e+00
1.946659663003832463e+01, 2.068538955413876934e+01, 8.013441814483165615e+00, 8.426233606618755090e+00
1.942442435928240130e+01, 2.062979356977998791e+01, 7.971076423947807577e+00, 8.418114246982685955e+00
1.936636619417046745e+01, 2.057898939444331887e+01, 7.984706037682970603e+00, 8.414943663838322152e+00
1.931817810815687864e+01, 2.053270043562142888e+01, 7.974319803786191763e+00, 8.421570359331029820e+00
1.927067797032371388e+01, 2.048656425065393805e+01, 7.978890527327090254e+00, 8.434267838260739225e+00
1.919394435096648266e+01, 2.042587291325753185e+01, 7.984052666292119405e+00, 8.446793242928311685e+00
1.913528340446703524e+01, 2.037529411481238029e+01, 7.942211965344561975e+00, 8.435905944076743879e+00
1.908038973197167465e+01, 2.032637443992772930e+01, 7.927457724730500033e+00, 8.439718629481077983e+00
1.904102688011301225e+01, 2.027974856918669389e+01, 7.917880319260856226e+00, 8.445358675227419454e+00
1.900214776593943000e+01, 2.023302286732673494e+01, 7.932862005120610682e+00, 8.454501946215838615e+00
1.894229407820134981e+01, 2.018049973299658006e+01, 7.948380941180049675e+00, 8.463057907983781547e+00
1.890408360916552155e+01, 2.013264135441581004e+01, 7.930458424350183222e+00, 8.461608955029175760e+00
1.882653608168736525e+01, 2.007515597849680233e+01, 7.946131225326046099e+00, 8.467595966361239235e+00
1.878910295799745356e+01, 2.002751207438463865e+01, 7.898976199376966711e+00, 8.456597517943333031e+00
1.874812550510301534e+01, 1.998526737071797754e+01, 7.914777414402085931e+00, 8.461979531215519046e+00
1.870997767599087425e+01, 1.994239974002844917e+01, 7.924445607827883542e+00, 8.474703639645964515e+00
1.865167008915219782e+01, 1.989463791256187619e+01, 7.938431010179472835e+00, 8.486379987692830085e+00
1.861166277593223484e+01, 1.985292372181430309e+01, 7.920342350028223066e+00, 8.489023716625737848e+00
1.856244076075731186e+01, 1.981008505364195216e+01, 7.930286319565695408e+00, 8.501541727793870962e+00
1.852532787818115523e+01, 1.976845740720354883e+01, 7.925185260774729734e+00, 8.511136151899343361e+00
1.848149896627833044e+01, 1.972566343862386873e+01, 7.939278009588618623e+00, 8.523185350321071496e+00
1.843280289793234061e+01, 1.968225051083150134e+01, 7.942679966567662397e+00, 8.532349329603682975e+00
1.839683232845058569e+01, 1.964056668511904746e+01, 7.937854722989673206e+00, 8.539793721698934803e+00
1.835689785298090726e+01, 1.960008385583468993e+01, 7.952809647249800662e+00, 8.551030359332189690e+00
1.830448439961843121e+01, 1.955689625773994678e+01, 7.961341489769600877e+00, 8.562795028647435913e+00
1.826626264147045831e+01, 1.951674465155258176e+01, 7.949742742984435395e+00, 8.569154867381662655e+00
1.820751119490227765e+01, 1.946805017265539917e+01, 7.959607550025271649e+00, 8.581591385794160587e+00
1.815491122068660701e+01, 1.942056844045399089e+01, 7.937851887630787751e+00, 8.578595216573418725e+00
1.811399135517325476e+01, 1.938099573138552856e+01, 7.925310064758900985e+00, 8.577231985743281939e+00
1.806522543421765903e+01, 1.933794916261778951e+01, 7.929708483892170534e+00, 8.587678752589184228e+00
1.803194042924752338e+01, 1.929580757001029312e+01, 7.921625777501192012e+00, 8.591773317256901521e+00
1.799820480867916928e+01, 1.925703334130562894e+01, 7.938048643051664577e+00, 8.600814733178284044e+00
1.795854533946903331e+01, 1.921878577376612185e+01, 7.953255135169318812e+00, 8.612961988759215259e+00
1.790433556974135954e+01, 1.917440706697033548e+01, 7.958615483997938611e+00, 8.624226318546531544e+00
1.785830895407079666e+01, 1.913397136859297021e+01, 7.941427659206699019e+00, 8.624570140087696402e+00
1.781276245529291558e+01, 1.909338215704924124e+01, 7.935955274156808237e+00, 8.630729686037769355e+00
1.775647050639006963e+01, 1.904769814262959926e+01, 7.930963023658843092e+00, 8.636252722121641412e+00
1.769550668218984413e+01, 1.899862134009217129e+01, 7.908828077053123629e+00, 8.632690552654436189e+00
1.765433729966487419e+01, 1.896087438684371307e+01, 7.878805529076336356e+00, 8.623045544058305367e+00
1.761174267490287448e+01, 1.892226147129886371e+01, 7.877989492697471618e+00, 8.631029540580595238e+00
1.757882490827879352e+01, 1.888670562535671849e+01, 7.874797736439392182e+00, 8.637116653420074286e+00
1.753992545328620523e+01, 1.885137174981503350e+01, 7.886676475392502716e+00, 8.649804037257505129e+00
1.750532761700229045e+01, 1.881593094457685567e+01, 7.886054419896069589e+00, 8.662444884069993023e+00
1.742702945281982707e+01, 1.875279537513671357e+01, 7.894895106773419435e+00, 8.673733062700222263e+00
1.739112516852202717e+01, 1.871773425291283388e+01, 7.837786540901365839e+00, 8.641202840206744895e+00
1.734752500630919059e+01, 1.867859841500222728e+01, 7.842685259566335887e+00, 8.651063588135698978e+00
1.730564227305580971e+01, 1.864173727386659252e+01, 7.835589510433166538e+00, 8.653398147231634141e+00
1.727105614614701778e+01, 1.860796591506384345e+01, 7.829730643869813100e+00, 8.658473643419211996e+00
1.722855488716619732e+01, 1.857131970082994243e+01, 7.834826538642832183e+00, 8.669689304377149242e+00
1.719398950903435619e+01, 1.853734268888532100e+01, 7.826927417754784067e+00, 8.674114995915452653e+00
1.716139109114971006e+01, 1.850396718324673984e+01, 7.832146341888805985e+00, 8.683836430527607675e+00
1.713243790809219291e+01, 1.846949479960779072e+01, 7.840553338784223669e+00, 8.694738258801782749e+00
1.709015405765176965e+01, 1.843221951447739215e+01, 7.855086078664305305e+00, 8.707593570707928166e+00
1.704850508620446803e+01, 1.839516730134621625e+01, 7.847820524168877654e+00, 8.710267297303346368e+00
1.701658695773347318e+01, 1.836265058810103312e+01, 7.841273160161888356e+00, 8.712941187642725183e+00
1.697469587763318799e+01, 1.832511365577917672e+01, 7.849384575862357494e+00, 8.724094022182859121e+00
1.694318595853787102e+01, 1.827683671346264305e+01, 7.842423844055539384e+00, 8.725574528605669400e+00
1.691361273594766601e+01, 1.824513130420323392e+01, 7.857900572570006403e+00, 8.727115740170626523e+00
1.688586257920388789e+01, 1.821277995755377788e+01, 7.869503305554498951e+00, 8.739290702142200828e+00
1.685363903830712218e+01, 1.818119432837100646e+01, 7.884303435941802718e+00, 8.752206123740625898e+00
1.682145329215411422e+01, 1.814967848632957725e+01, 7.890585428169672788e+00, 8.763454470668822438e+00
1.678589744843168674e+01, 1.811594533794373874e+01, 7.896841257119419311e+00, 8.774478988092621279e+00
1.675367505774574539e+01, 1.808436849044890593e+01, 7.899080500414950912e+00, 8.781047104329420705e+00
1.671395345802445220e+01, 1.804969034215561763e+01, 7.905430874279178788e+00, 8.791092439110967049e+00
1.667252271298263722e+01, 1.801247782666833430e+01, 7.900285499415063306e+00, 8.794812671151188255e+00
1.663992655530424258e+01, 1.798173071347850893e+01, 7.893715775033011361e+00, 8.795132264962962410e+00
1.659160368761224902e+01, 1.794199153452014883e+01, 7.897563210359190400e+00, 8.805433625567575362e+00
1.654809099706120179e+01, 1.790406949367119438e+01, 7.879465321348717133e+00, 8.800158045753619263e+00
1.650052493252611896e+01, 1.786501385309083645e+01, 7.868565063370407842e+00, 8.797887492596613512e+00
1.646535296016744709e+01, 1.783275426053091550e+01, 7.850414278487776620e+00, 8.792454914579160175e+00
1.643704486404549314e+01, 1.780344544655329031e+01, 7.849917692392999413e+00, 8.797675425273665084e+00
1.639851484314966257e+01, 1.776978008313001567e+01, 7.858419266279280002e+00, 8.810024136979665244e+00
1.637166452963493057e+01, 1.774080218430568223e+01, 7.852422403234620596e+00, 8.812144034199590692e+00
1.634596187467186823e+01, 1.771176174294967254e+01, 7.864191533521076138e+00, 8.823679610848406796e+00
1.630051116713909209e+01, 1.767478285907770896e+01, 7.877725590554051749e+00, 8.836137093195898018e+00
1.626112187641482976e+01, 1.764109269323676443e+01, 7.861376278228711989e+00, 8.832054697927555154e+00
1.623022554176774790e+01, 1.761193855445611334e+01, 7.853286816031894269e+00, 8.832833037345464433e+00
1.620371065584597048e+01, 1.758343412970371133e+01, 7.856812785638606300e+00, 8.841261391117429369e+00
1.617930399716047418e+01, 1.754891124853661211e+01, 7.866178282143878597e+00, 8.854412298173006235e+00
1.614532543403142029e+01, 1.751885835660165469e+01, 7.883892498757436584e+00, 8.865503290805110126e+00
1.611247324632563149e+01, 1.748899635234380412e+01, 7.882483424734544997e+00, 8.871270838844088402e+00
1.608012131320047544e+01, 1.745998487395619847e+01, 7.882961950104673043e+00, 8.877362677460885365e+00
1.605258391585001831e+01, 1.743217415737433384e+01, 7.883165293814144547e+00, 8.884416810552261623e+00
1.602054005695621441e+01, 1.740285585442512328e+01, 7.891340351068283354e+00, 8.894495103755147625e+00
1.598772365663910833e+01, 1.737342037657550264e+01, 7.892526621064798853e+00, 8.900842571251292412e+00
1.596014049980915850e+01, 1.734587427369922707e+01, 7.892195287293972683e+00, 8.906537869650414052e+00
1.593245671460416091e+01, 1.731857536007859366e+01, 7.899729877072154238e+00, 8.916193238284558120e+00
1.590767555948957757e+01, 1.729165794215594687e+01, 7.906554673200869132e+00, 8.926131853709547315e+00
1.588139271521170670e+01, 1.726448072246337873e+01, 7.918249650677900320e+00, 8.937936869003925366e+00
1.585244575809360690e+01, 1.723731695986017343e+01, 7.927952131911114364e+00, 8.948019080028357664e+00
1.581682676951640509e+01, 1.720800723937919585e+01, 7.932106777450943724e+00, 8.957318583699469983e+00
1.579205082585186837e+01, 1.718154179349259181e+01, 7.926003022413955712e+00, 8.961231679063100586e+00
1.575636137728615616e+01, 1.715241111210882963e+01, 7.936737863227254941e+00, 8.972978480035449067e+00
1.572984997295110610e+01, 1.712612535543604153e+01, 7.930024079430266326e+00, 8.976616707347702118e+00
1.569101967307989476e+01, 1.709389395813236945e+01, 7.936935546062208857e+00, 8.987344288489518718e+00
1.566455610167114010e+01, 1.706741729306080657e+01, 7.927444726507321349e+00, 8.986507346966728704e+00
1.563028431583918376e+01, 1.703836685101714465e+01, 7.935130409019061304e+00, 8.995773127980712047e+00
1.559028353988074933e+01, 1.700495388171716016e+01, 7.930680513558139744e+00, 8.999076955209654116e+00
1.555408531638706826e+01, 1.697432695625971988e+01, 7.919798867523337726e+00, 8.996281016671845876e+00
1.552361283055709862e+01, 1.694665105058950516e+01, 7.912998771284946109e+00, 8.996825846309413066e+00
1.548548557397905867e+01, 1.691304079459256826e+01, 7.913788130794651821e+00, 9.002030294735703819e+00
1.545934498175073912e+01, 1.688774259817428813e+01, 7.906182947359432944e+00, 8.999522372846023188e+00
1.543631186514243403e+01, 1.686290014247131808e+01, 7.911927090578971367e+00, 9.008664486506887670e+00
1.541354178690839483e+01, 1.683818228923150073e+01, 7.922210794334899830e+00, 9.020727812508679833e+00
1.538566576377217565e+01, 1.681259900594211132e+01, 7.933342990671459205e+00, 9.032362259121658354e+00
1.535272765433418662e+01, 1.678418755540995022e+01, 7.936194498079079729e+00, 9.040062739415809290e+00
1.532496101177798664e+01, 1.675823196922285874e+01, 7.932898841642211707e+00, 9.042729750058041915e+00
1.529458540844264292e+01, 1.673160142431682829e+01, 7.936488938224324663e+00, 9.049532412291929617e+00
1.524768964138382188e+01, 1.669625511470805534e+01, 7.935778111288757763e+00, 9.054438390080150612e+00
1.521956960923259317e+01, 1.667080854524527922e+01, 7.913186656048055490e+00, 9.045188212975430631e+00
1.518331840486762907e+01, 1.664181108521719921e+01, 7.914769002953669030e+00, 9.051443653933073819e+00
1.516308154508585027e+01, 1.661761363749698361e+01, 7.904810921733149698e+00, 9.050815433501476548e+00
1.512988674473970363e+01, 1.658932069565188527e+01, 7.918246543970440143e+00, 9.063856114261490404e+00
1.509987490431420021e+01, 1.656401016692472083e+01, 7.913379825480872043e+00, 9.065004435433573704e+00
1.507310468220979693e+01, 1.653872770357582311e+01, 7.910510597171140468e+00, 9.069768193051089611e+00
1.504463732227893580e+01, 1.651368521999584971e+01, 7.914197120409494524e+00, 9.075779174609968081e+00
1.500756415804203847e+01, 1.648427688455783624e+01, 7.914008859600711432e+00, 9.081091288465808375e+00
1.498826049852710796e+01, 1.646090598608677524e+01, 7.902449866269289025e+00, 9.078777365711442116e+00
1.496878908505945205e+01, 1.643788642873385797e+01, 7.916476073451311102e+00, 9.091470677880989726e+00
1.494158205732068723e+01, 1.641343389687760279e+01, 7.930162545206492553e+00, 9.103751725005563955e+00
1.490989010076817145e+01, 1.638596060082831940e+01, 7.931665877218624594e+00, 9.109661176284625128e+00
1.488768108095751685e+01, 1.636340432087852648e+01, 7.928425542579618401e+00, 9.111145662787752286e+00
1.485509781923527939e+01, 1.633606595931892258e+01, 7.936443848420183578e+00, 9.121306182188877898e+00
1.483189605190990790e+01, 1.631308977555200812e+01, 7.931268658334287736e+00, 9.122151641137820732e+00
1.480622692213439429e+01, 1.628866324559380274e+01, 7.938356239662895497e+00, 9.130583074693731760e+00
1.478514420169328858e+01, 1.626651154144416367e+01, 7.942806989550982522e+00, 9.136574133504581141e+00
1.476579910571676812e+01, 1.624426087591596612e+01, 7.952566676543594504e+00, 9.146882896036215627e+00
1.474224205492734363e+01, 1.622114763402322168e+01, 7.964552801887172961e+00, 9.159597666178957098e+00
1.471233316225267451e+01, 1.619441002533237750e+01, 7.971407840850867288e+00, 9.167456811360835900e+00
1.469425482885466749e+01, 1.617204219107549434e+01, 7.970994636413102796e+00, 9.169969113471271527e+00
1.467635197084351262e+01, 1.614911538564472693e+01, 7.985575355207518378e+00, 9.182948501406823283e+00
1.463322461166528399e+01, 1.611446977811712600e+01, 8.000459373117625006e+00, 9.196742238189946406e+00
1.460259613780119814e+01, 1.608860438073555699e+01, 7.985399998279288702e+00, 9.189101594662544059e+00
1.458084280021683909e+01, 1.606672915130285517e+01, 7.982774311240219411e+00, 9.191321237003480249e+00
1.456129742127840032e+01, 1.604563100995668989e+01, 7.991266886646871015e+00, 9.200296763678288414e+00
1.453652878634103907e+01, 1.602293670348299770e+01, 8.002324377518551302e+00, 9.211450531012664200e+00
1.451789289686642448e+01, 1.600194728231520713e+01, 8.006509885111514180e+00, 9.218344892736840990e+00
1.448883825196070774e+01, 1.597647148831097041e+01, 8.018629698894384816e+00, 9.230522036754654991e+00
1.445697799842356801e+01, 1.594959257830429067e+01, 8.018807036844757263e+00, 9.233762795760542375e+00
1.443076434721436563e+01, 1.592682213674069125e+01, 8.015671067189691357e+00, 9.234870056976086872e+00
1.440728322012469320e+01, 1.590534583971125748e+01, 8.017399860764317765e+00, 9.240686850930931229e+00
1.437049618764363323e+01, 1.587569726203954446e+01, 8.022129713046764365e+00, 9.248705573343835695e+00
1.434660588409887438e+01, 1.585352638667204062e+01, 8.013541208860207377e+00, 9.245992818553304460e+00
1.432925543982624461e+01, 1.583303844399705618e+01, 8.018614940781816358e+00, 9.252887964243159402e+00
1.431156646477075789e+01, 1.580277331526355944e+01, 8.031429072218342569e+00, 9.266075232678188556e+00
1.429472647650959871e+01, 1.578264793691377577e+01, 8.049972911367335726e+00, 9.282851316561632871e+00
1.427559271785207606e+01, 1.576268185266749633e+01, 8.064196326029312800e+00, 9.295665442573417536e+00
1.425121443188748493e+01, 1.574165579787068836e+01, 8.074644049331915596e+00, 9.306889630843352634e+00
1.421119878757212440e+01, 1.571175932627482652e+01, 8.077599620774702061e+00, 9.314602250214628398e+00
1.417932757339552907e+01, 1.568620936966793344e+01, 8.064845946724881642e+00, 9.310167531950884978e+00
1.416170755002554138e+01, 1.566680361213910011e+01, 8.060719612078985463e+00, 9.311340639838450173e+00
1.413537837320256152e+01, 1.564484586976953118e+01, 8.072781749757213632e+00, 9.323251186124307921e+00
1.409332385079609118e+01, 1.561190381098487023e+01, 8.073731272498685385e+00, 9.328778790730872572e+00
1.407340821530647723e+01, 1.559279550942375181e+01, 8.061043618178404202e+00, 9.322535699390725128e+00
1.404556902374016758e+01, 1.556842276272321435e+01, 8.068240424021791313e+00, 9.333506445178553435e+00
1.402620160309024122e+01, 1.554920327318650841e+01, 8.069628237188004150e+00, 9.337087962833384935e+00
1.400391083461475006e+01, 1.552938007452756430e+01, 8.078630322141503228e+00, 9.347377305833632022e+00
1.398823792116924558e+01, 1.550981604848002604e+01, 8.083522504871975656e+00, 9.355814661956163292e+00
1.396615945183373775e+01, 1.548920980596613717e+01, 8.097275560917884363e+00, 9.370531496349356004e+00
1.394745220820558629e+01, 1.547028973145977737e+01, 8.104002607588716600e+00, 9.378469443949111195e+00
1.391402673745505858e+01, 1.544342297165424505e+01, 8.113929342084322371e+00, 9.389235675880469145e+00
1.388575398116364568e+01, 1.541931208755652882e+01, 8.109711025897805570e+00, 9.389372911252015896e+00
1.387109883159340562e+01, 1.539853815098735801e+01, 8.110704263725637020e+00, 9.392936034906750109e+00
1.384987524682283322e+01, 1.537919765218400414e+01, 8.127227266788288773e+00, 9.408279078346868829e+00
1.382818901162651493e+01, 1.535912928054038140e+01, 8.133899288063998867e+00, 9.417293017930894905e+00
1.380943913237448406e+01, 1.534060885564657539e+01, 8.140990115390581039e+00, 9.425629100346908373e+00
1.379332785328607258e+01, 1.532258482405736899e+01, 8.150644919021159396e+00, 9.436370659372906644e+00
1.377737752368941315e+01, 1.530460087438026662e+01, 8.163376630961634461e+00, 9.449439597047001982e+00
1.375887286054076597e+01, 1.528663497486575551e+01, 8.176464394482216846e+00, 9.462562895184955636e+00
1.374011735718613991e+01, 1.526845871861884163e+01, 8.185163091740198738e+00, 9.474888484831167190e+00
1.372286084534345285e+01, 1.525029983960753910e+01, 8.194425263441349472e+00, 9.486226484597235498e+00
1.369764942428611398e+01, 1.522852949267977962e+01, 8.206436375138411066e+00, 9.497976082539340226e+00
1.367930457838748204e+01, 1.520994744083490247e+01, 8.210878459325142487e+00, 9.504422854576635160e+00
1.366292445446100068e+01, 1.519218851014560201e+01, 8.222018990027283536e+00, 9.515344770596566804e+00
1.364372982377286192e+01, 1.517347610457526663e+01, 8.234973090444979604e+00, 9.527882014794876397e+00
1.362535273806646607e+01, 1.515536993829707413e+01, 8.245199332188338559e+00, 9.538489678029776542e+00
1.360649630974307378e+01, 1.513713577886460548e+01, 8.255845689925195074e+00, 9.549923294027202303e+00
1.357756979419197307e+01, 1.511287057682301693e+01, 8.266073705327087850e+00, 9.561092806918633613e+00
1.355597917986473178e+01, 1.509286671121223478e+01, 8.268877172760980443e+00, 9.565956247017206593e+00
1.353776622893368220e+01, 1.507513316003968207e+01, 8.277605880128502847e+00, 9.575207494069928771e+00
1.351938849818012756e+01, 1.505770585845377241e+01, 8.288342204467401331e+00, 9.587025722250649196e+00
1.350477350577174818e+01, 1.504016673724454733e+01, 8.298235139100881952e+00, 9.599318995087408268e+00
1.348261147341440669e+01, 1.502020839687243559e+01, 8.312550893533632745e+00, 9.614930395986553080e+00
1.346151305927765485e+01, 1.500106790360839248e+01, 8.320921090023293942e+00, 9.624248172351427044e+00
1.344712216394347415e+01, 1.498391708263804567e+01, 8.329947788246380824e+00, 9.634333982186483070e+00
1.342712103577916416e+01, 1.496528413219861342e+01, 8.344835702191998550e+00, 9.649638153162815257e+00
1.341376018935663872e+01, 1.494658449544872347e+01, 8.355060683054810866e+00, 9.660564302591557961e+00
1.339847105655478643e+01, 1.492979838339650378e+01, 8.372300327904005357e+00, 9.677523259616313211e+00
1.338465084562587393e+01, 1.491256512951853885e+01, 8.386228574903537236e+00, 9.692270626357839092e+00
1.336623507971791369e+01, 1.489486353248752870e+01, 8.402147702947388552e+00, 9.708500368448570228e+00
1.334904814454584177e+01, 1.487802969687432686e+01, 8.413958501266394663e+00, 9.720905181038983045e+00
1.333153968537268241e+01, 1.486104538311509060e+01, 8.426044033285304380e+00, 9.734713260137651147e+00
1.331441558180985218e+01, 1.484401508477829346e+01, 8.438192823422788535e+00, 9.748187122347962585e+00
1.329812645416268424e+01, 1.482740981153210136e+01, 8.451146427092297131e+00, 9.761759365745493966e+00
1.328104272378308259e+01, 1.481056442162515552e+01, 8.464455577733643210e+00, 9.776336948149133121e+00
1.325773052621338621e+01, 1.479000618387389743e+01, 8.477418728842899043e+00, 9.790279147361626855e+00
1.323818127793588495e+01, 1.477202740126124603e+01, 8.487168615668389648e+00, 9.800696776719817649e+00
1.322528136675607691e+01, 1.475297124813015515e+01, 8.498912760822786794e+00, 9.813225103765963908e+00
1.321088845940301937e+01, 1.473671874162969253e+01, 8.517277078006214808e+00, 9.832379285545613357e+00
1.319643425408689730e+01, 1.472048773788942633e+01, 8.532882802618924956e+00, 9.848743779218436245e+00
1.318079972131942768e+01, 1.470431743869804642e+01, 8.548409039832158385e+00, 9.865354471283513504e+00
1.316467118077357235e+01, 1.468790051720623246e+01, 8.562792504528088600e+00, 9.881309460713271875e+00
1.314555736927190033e+01, 1.467038322480066093e+01, 8.577480667184085306e+00, 9.896520006675011416e+00
1.312558106568764593e+01, 1.465170248040950973e+01, 8.590260849264840459e+00, 9.910175014431095164e+00
1.310919237839928542e+01, 1.463521620923866529e+01, 8.603529966206249213e+00, 9.923472146462760435e+00
1.309423640235228525e+01, 1.461913374960970025e+01, 8.618570088971830856e+00, 9.938788920006262018e+00
1.307841860869388206e+01, 1.460292921024010582e+01, 8.634857725923820837e+00, 9.954985104990276668e+00
1.306351418567228073e+01, 1.458706500572152898e+01, 8.650499494652905241e+00, 9.970939881846032193e+00
1.304202200701505276e+01, 1.456899076323476372e+01, 8.666685033682314909e+00, 9.987761017029619381e+00
1.302944860623258272e+01, 1.455222756124652683e+01, 8.678753465260001576e+00, 1.000134205852534919e+01
1.300824344198202986e+01, 1.453359151137597038e+01, 8.697351260847469234e+00, 1.002098915755358810e+01
1.299496622588411299e+01, 1.451787610043651355e+01, 8.710766474307833462e+00, 1.003500530192485662e+01
1.297663925577004917e+01, 1.450124619838796214e+01, 8.728642600841780563e+00, 1.005363064342841994e+01
1.295486747029419128e+01, 1.448238049677832606e+01, 8.743278484491282754e+00, 1.006937655857337077e+01
1.293455825425549754e+01, 1.446463554440514265e+01, 8.757077539504734887e+00, 1.008375533215748554e+01
1.291501561962136435e+01, 1.444735162088512581e+01, 8.771458169514135150e+00, 1.009891056191276171e+01
1.289693636888438810e+01, 1.443118539415708845e+01, 8.786348903142627620e+00, 1.011457465900311270e+01
1.287226022544525961e+01, 1.441004413733034006e+01, 8.801593772174893360e+00, 1.013119272257815240e+01
1.285159150349100443e+01, 1.439122697967601638e+01, 8.815823616496567539e+00, 1.014557755450826981e+01
1.283581037710903239e+01, 1.437553916027694711e+01, 8.831851838295090573e+00, 1.016153492362354349e+01
1.282209521681834019e+01, 1.436052968682242437e+01, 8.849435010524217660e+00, 1.017945888537355437e+01
1.281032617738022417e+01, 1.434331517993817151e+01, 8.867784991815776507e+00, 1.019902144164464453e+01
1.279093997243189307e+01, 1.432622680305546048e+01, 8.888688090038053602e+00, 1.022118320513702194e+01
1.277509546170933952e+01, 1.431074409561784044e+01, 8.905318241695821868e+00, 1.023836038599649534e+01
1.276082719154715051e+01, 1.429588844198019260e+01, 8.923478285313967362e+00, 1.025707842680578707e+01
1.274497530899325781e+01, 1.428025462239039278e+01, 8.942169740784519760e+00, 1.027698459509556095e+01
1.272882799861221947e+01, 1.426470367451496735e+01, 8.960940887859901949e+00, 1.029604337160064809e+01
1.271253025254929270e+01, 1.424886380659408225e+01, 8.979626448029151220e+00, 1.031524529595590423e+01
1.269555981625883234e+01, 1.423242286499613662e+01, 8.998731424642702592e+00, 1.033457464337997500e+01
1.268370434803635050e+01, 1.421744041428049421e+01, 9.018123021898274416e+00, 1.035395279644025024e+01
1.266990894441460647e+01, 1.420282562368784518e+01, 9.039214245636966183e+00, 1.037618450124240965e+01
1.265052176697952291e+01, 1.418607644773204335e+01, 9.059388550031785670e+00, 1.039732026723431169e+01
1.263785703532509253e+01, 1.417156048148598479e+01, 9.078230407410131875e+00, 1.041667959076011130e+01
1.262221848228206689e+01, 1.415685506223077539e+01, 9.099194152026178983e+00, 1.043895096050217575e+01
1.260955481924069765e+01, 1.414242408677446150e+01, 9.118978992129841643e+00, 1.046015876479838802e+01
1.259801963392070689e+01, 1.412759167034915464e+01, 9.140323405130029499e+00, 1.048279722801792424e+01
1.258510123097513755e+01, 1.411318319832806800e+01, 9.162607232252206302e+00, 1.050640038123065700e+01
1.256727902452753654e+01, 1.409656511559368397e+01, 9.184563366182681321e+00, 1.052894844515922834e+01
1.254744413427055605e+01, 1.408020024214589938e+01, 9.205898462438257823e+00, 1.055038672435994940e+01
1.253618227846767930e+01, 1.406549267384750301e+01, 9.226321055868691445e+00, 1.057146998537761462e+01
1.252509948808930851e+01, 1.404932060283119277e+01, 9.249468010514361183e+00, 1.059599532958393908e+01
1.251242634033474133e+01, 1.403519061929408807e+01, 9.272970599332667874e+00, 1.062254344708386178e+01
1.249810531279032766e+01, 1.402080290641626981e+01, 9.295638395576020230e+00, 1.064681767160945292e+01
1.248416299915199978e+01, 1.400662452250189816e+01, 9.318299859493397008e+00, 1.067042201851778671e+01
1.246504161942736744e+01, 1.398963101717687962e+01, 9.341140476728341469e+00, 1.069449644906252850e+01
1.245252361133326602e+01, 1.397565926879857123e+01, 9.364240154852438991e+00, 1.071766977189522230e+01
1.243870760736247583e+01, 1.396166503883361187e+01, 9.387797253365965489e+00, 1.074300598982842025e+01
1.242598295263894137e+01, 1.394770764639750915e+01, 9.411298641445863922e+00, 1.076797359245238361e+01
1.240496459794013973e+01, 1.392982667829847188e+01, 9.435579963315689156e+00, 1.079331949129297641e+01
1.239077152857946729e+01, 1.391557326919595816e+01, 9.459946631630870684e+00, 1.081754400145304196e+01
1.237150821048651572e+01, 1.389950636282146768e+01, 9.484570833918407828e+00, 1.084301416090913506e+01
1.236052613035439585e+01, 1.388537141770791017e+01, 9.509208597236449734e+00, 1.086787838781850368e+01
1.234880090569225608e+01, 1.387170552978218119e+01, 9.534681541531375260e+00, 1.089551012293851429e+01
1.233348704456698819e+01, 1.385716487061528390e+01, 9.560222303592178505e+00, 1.092267080856901806e+01
1.231893867732475023e+01, 1.384296409366281644e+01, 9.585945097562056816e+00, 1.094910693404491475e+01
1.230503610818198368e+01, 1.382917335543620041e+01, 9.611939645266870613e+00, 1.097598043153556446e+01
1.229172770110410084e+01, 1.381546437670248828e+01, 9.638049549651883652e+00, 1.100332271575209653e+01
1.227938805477711348e+01, 1.380190606910546869e+01, 9.664539092278699783e+00, 1.103106223534923913e+01
1.226885364808386747e+01, 1.378755609361936330e+01, 9.691391670156376037e+00, 1.105928466564153645e+01
1.225794108027343299e+01, 1.377354892283381815e+01, 9.718648825707287386e+00, 1.108934591383702717e+01
1.224530403432720860e+01, 1.376009865574802049e+01, 9.745883573377517095e+00, 1.111959956407420869e+01
1.223293930986021927e+01, 1.374671482253652677e+01, 9.773427740753136916e+00, 1.114874404651426509e+01
1.221915839392517711e+01, 1.373265164945425276e+01, 9.800942339533744274e+00, 1.117871248179400823e+01
1.220498920827260037e+01, 1.371908549373973862e+01, 9.829454480712120912e+00, 1.120827002183701460e+01
1.219180403901780885e+01, 1.370556085964630100e+01, 9.857877044849882253e+00, 1.123808370723037697e+01
1.217808618657138275e+01, 1.369174971418025066e+01, 9.886726270301917197e+00, 1.126834797958446543e+01
1.216364244553686902e+01, 1.367730257733264132e+01, 9.916081522798108949e+00, 1.129889413057779279e+01
1.214905145547749576e+01, 1.366348855719088284e+01, 9.946110858887958983e+00, 1.132989758583657824e+01
1.213584002622474145e+01, 1.365022265862364215e+01, 9.976163820706439367e+00, 1.136103192076021351e+01
1.211837073422630340e+01, 1.363425621430189416e+01, 1.000618339875640572e+01, 1.139268370111586748e+01
1.210469531751776984e+01, 1.362094029331992751e+01, 1.003816321796347211e+01, 1.142502320474449817e+01
1.208887569827022723e+01, 1.360636342954152767e+01, 1.006901345895100874e+01, 1.145731337620683021e+01
1.207772366405781561e+01, 1.359344062150792887e+01, 1.010111234960704252e+01, 1.149009633985263790e+01
1.206429183265158223e+01, 1.357979493879300747e+01, 1.013211827720790481e+01, 1.152344419778600049e+01
1.204796084198491180e+01, 1.356518913041198360e+01, 1.016422388527590570e+01, 1.155697714850609792e+01
1.203594621819677002e+01, 1.355227095829705952e+01, 1.019764229317948967e+01, 1.159094961386714751e+01
1.202376383854718256e+01, 1.353936589302512594e+01, 1.022985892005731046e+01, 1.162521461513428811e+01
1.201164513915803589e+01, 1.352652371290988143e+01, 1.026244922535118320e+01, 1.165983379445032320e+01
1.199698445198792207e+01, 1.351343006653644707e+01, 1.029533563735996360e+01, 1.169483351490124079e+01
1.198659269876558930e+01, 1.350047009939044962e+01, 1.032938840537582692e+01, 1.173004153839921671e+01
1.196990554051625821e+01, 1.348534698168429458e+01, 1.036229543719288415e+01, 1.176642672510548060e+01
1.195424927227123924e+01, 1.347094425845414278e+01, 1.039853084826601126e+01, 1.180325542777987735e+01
1.194113990711369944e+01, 1.345814994262101294e+01, 1.043468958457482110e+01, 1.184026379004866492e+01
1.192392740962331921e+01, 1.344303202735281744e+01, 1.046982962485998669e+01, 1.187714087578201472e+01
1.191167001251322510e+01, 1.343035103364621285e+01, 1.050774494232963896e+01, 1.191537935909289736e+01
1.189938420120709139e+01, 1.341769922451506858e+01, 1.054333595454440697e+01, 1.195310965785976620e+01
1.188820630908143627e+01, 1.340526373808793892e+01, 1.057931624425871853e+01, 1.199124166870000074e+01
1.187565548095464862e+01, 1.339242007786772781e+01, 1.061505816921407686e+01, 1.202978514842900459e+01
1.186195650469532126e+01, 1.337902824059711371e+01, 1.065199607477507726e+01, 1.206884276767096331e+01
1.185158674392446976e+01, 1.336658814283125984e+01, 1.069006811612129582e+01, 1.210861945783054416e+01
1.183782880594588427e+01, 1.335344804791001927e+01, 1.072639667191761781e+01, 1.214864294501953346e+01
1.182419850839817421e+01, 1.334050814305414789e+01, 1.076530206195811346e+01, 1.218915642818320855e+01
1.181476474179901537e+01, 1.332624615841817572e+01, 1.080455406186171530e+01, 1.223001888410389704e+01
1.180336755001606441e+01, 1.331395584991434866e+01, 1.084148644814104223e+01, 1.227300357145088050e+01
1.179083720061803398e+01, 1.330133454885567801e+01, 1.088001816574338143e+01, 1.231445333322076330e+01
1.177972302232462276e+01, 1.328919812724552862e+01, 1.091975564774343965e+01, 1.235651723894368459e+01
1.176546254476370557e+01, 1.327572225629235980e+01, 1.095885981369020001e+01, 1.239880062714301090e+01
1.175502875164093375e+01, 1.326365827950294118e+01, 1.100077420847798670e+01, 1.244238913478138642e+01
1.173971578810778915e+01, 1.325046224015448537e+01, 1.104019807336992365e+01, 1.248554835501811588e+01
1.172970621303160144e+01, 1.323843882655057769e+01, 1.108384075210088859e+01, 1.252989231160890427e+01
1.171900011991718493e+01, 1.322647992665333838e+01, 1.112371262840325414e+01, 1.257399701769757705e+01
1.170759392519929243e+01, 1.321443363987042829e+01, 1.116453203743606259e+01, 1.261848636091346343e+01
1.169819071139774458e+01, 1.320200971864090711e+01, 1.120635198793176635e+01, 1.266347232605511053e+01
1.168726877226054839e+01, 1.319010018164369669e+01, 1.124688263596564219e+01, 1.270939166381323027e+01
1.167775196417786354e+01, 1.317805888923888524e+01, 1.128910910858793315e+01, 1.275522871848465201e+01
1.166474484280482571e+01, 1.316541536664154144e+01, 1.133052120158802190e+01, 1.280172496407516647e+01
1.165483720435138082e+01, 1.315360408361024014e+01, 1.137547053144195708e+01, 1.284913902826231968e+01
1.164213010522006364e+01, 1.314100535735515507e+01, 1.141804474806240499e+01, 1.289637015260531783e+01
1.163115595859186868e+01, 1.312925714817058420e+01, 1.146365138519924010e+01, 1.294478663342350444e+01
1.161996115630190474e+01, 1.311735825369819075e+01, 1.150807655416198116e+01, 1.299293883066404831e+01
1.161084684644767862e+01, 1.310490711459517676e+01, 1.155316085616390609e+01, 1.304173343369305904e+01
1.159663439325745671e+01, 1.309159432514666044e+01, 1.159663439325745671e+01, 1.309159432514666044e+01
